1 1.4422495703074083 [5. 0. 0.]
1 1.4422495703074083 [4.99964 0.05    0.     ]
1 1.4422495703074083 [4.99856004 0.0999946  0.        ]
1 1.4422495703074083 [4.99676031 0.149973   0.        ]
1 1.4422495703074083 [4.99424114 0.19992441 0.        ]
1 1.4422495703074083 [4.99100306 0.24983803 0.        ]
1 1.4422495703074083 [4.98704678 0.2997031  0.        ]
1 1.4422495703074083 [4.98237317 0.34950884 0.        ]
1 1.4422495703074083 [4.97698328 0.3992445  0.        ]
1 1.4422495703074083 [4.97087832 0.44889937 0.        ]
1 1.4422495703074083 [4.96405971 0.49846272 0.        ]
1 1.4422495703074083 [4.956529   0.54792389 0.        ]
1 1.4422495703074083 [4.94828795 0.59727222 0.        ]
1 1.4422495703074083 [4.93933847 0.64649709 0.        ]
1 1.4422495703074083 [4.92968265 0.69558793 0.        ]
1 1.4422495703074083 [4.91932274 0.74453418 0.        ]
1 1.4422495703074083 [4.90826117 0.79332536 0.        ]
1 1.4422495703074083 [4.89650055 0.84195099 0.        ]
1 1.4422495703074083 [4.88404364 0.89040068 0.        ]
1 1.4422495703074083 [4.87089337 0.93866407 0.        ]
1 1.4422495703074083 [4.85705284 0.98673085 0.        ]
1 1.4422495703074083 [4.84252533 1.03459079 0.        ]
1 1.4422495703074083 [4.82731424 1.08223369 0.        ]
1 1.4422495703074083 [4.81142319 1.12964944 0.        ]
1 1.4422495703074083 [4.79485592 1.17682797 0.        ]
1 1.4422495703074083 [4.77761634 1.22375931 0.        ]
1 1.4422495703074083 [4.75970854 1.27043354 0.        ]
1 1.4422495703074083 [4.74113672 1.31684083 0.        ]
1 1.4422495703074083 [4.72190529 1.3629714  0.        ]
1 1.4422495703074083 [4.70201878 1.40881559 0.        ]
1 1.4422495703074083 [4.68148187 1.45436378 0.        ]
1 1.4422495703074083 [4.66029941 1.49960648 0.        ]
1 1.4422495703074083 [4.63847639 1.54453426 0.        ]
1 1.4422495703074083 [4.61601794 1.58913779 0.        ]
1 1.4422495703074083 [4.59292935 1.63340782 0.        ]
1 1.4422495703074083 [4.56921603 1.67733523 0.        ]
1 1.4422495703074083 [4.54488356 1.72091095 0.        ]
1 1.4422495703074083 [4.51993762 1.76412605 0.        ]
1 1.4422495703074083 [4.49438407 1.8069717  0.        ]
1 1.4422495703074083 [4.46822888 1.84943915 0.        ]
1 1.4422495703074083 [4.44147815 1.89151979 0.        ]
1 1.4422495703074083 [4.41413813 1.93320509 0.        ]
1 1.4422495703074083 [4.38621516 1.97448665 0.        ]
1 1.4422495703074083 [4.35771575 2.01535619 0.        ]
1 1.4422495703074083 [4.32864651 2.05580553 0.        ]
1 1.4422495703074083 [4.29901416 2.09582662 0.        ]
1 1.4422495703074083 [4.26882557 2.13541152 0.        ]
1 1.4422495703074083 [4.23808769 2.17455242 0.        ]
1 1.4422495703074083 [4.20680761 2.21324163 0.        ]
1 1.4422495703074083 [4.17499253 2.25147159 0.        ]
1 1.4422495703074083 [4.14264973 2.28923486 0.        ]
1 1.4422495703074083 [4.10978663 2.32652415 0.        ]
1 1.4422495703074083 [4.07641073 2.36333226 0.        ]
1 1.4422495703074083 [4.04252964 2.39965215 0.        ]
1 1.4422495703074083 [4.00815107 2.43547692 0.        ]
1 1.4422495703074083 [3.97328282 2.47079979 0.        ]
1 1.4422495703074083 [3.93793279 2.50561412 0.        ]
1 1.4422495703074083 [3.90210895 2.5399134  0.        ]
1 1.4422495703074083 [3.86581937 2.57369127 0.        ]
1 1.4422495703074083 [3.82907222 2.60694151 0.        ]
1 1.4422495703074083 [3.79187572 2.63965802 0.        ]
1 1.4422495703074083 [3.75423819 2.67183487 0.        ]
1 1.4422495703074083 [3.71616803 2.70346626 0.        ]
1 1.4422495703074083 [3.67767369 2.73454652 0.        ]
1 1.4422495703074083 [3.63876371 2.76507014 0.        ]
1 1.4422495703074083 [3.59944669 2.79503176 0.        ]
1 1.4422495703074083 [3.5597313  2.82442615 0.        ]
1 1.4422495703074083 [3.51962627 2.85324823 0.        ]
1 1.4422495703074083 [3.47914038 2.88149308 0.        ]
1 1.4422495703074083 [3.43828248 2.9091559  0.        ]
1 1.4422495703074083 [3.39706147 2.93623207 0.        ]
1 1.4422495703074083 [3.3554863 2.9627171 0.       ]
1 1.4422495703074083 [3.31356596 2.98860665 0.        ]
1 1.4422495703074083 [3.2713095  3.01389652 0.        ]
1 1.4422495703074083 [3.228726   3.03858268 0.        ]
1 1.4422495703074083 [3.18582459 3.06266123 0.        ]
1 1.4422495703074083 [3.14261443 3.08612842 0.        ]
1 1.4422495703074083 [3.09910473 3.10898067 0.        ]
1 1.4422495703074083 [3.0553047  3.13121452 0.        ]
1 1.4422495703074083 [3.01122362 3.15282668 0.        ]
1 1.4422495703074083 [2.96687076 3.17381401 0.        ]
1 1.4422495703074083 [2.92225543 3.19417349 0.        ]
1 1.4422495703074083 [2.87738698 3.21390228 0.        ]
1 1.4422495703074083 [2.83227474 3.23299767 0.        ]
1 1.4422495703074083 [2.78692808 3.25145712 0.        ]
1 1.4422495703074083 [2.74135638 3.2692782  0.        ]
1 1.4422495703074083 [2.69556905 3.28645867 0.        ]
1 1.4422495703074083 [2.64957546 3.3029964  0.        ]
1 1.4422495703074083 [2.60338504 3.31888943 0.        ]
1 1.4422495703074083 [2.55700719 3.33413592 0.        ]
1 1.4422495703074083 [2.51045132 3.34873422 0.        ]
1 1.4422495703074083 [2.46372685 3.36268277 0.        ]
1 1.4422495703074083 [2.41684318 3.37598019 0.        ]
1 1.4422495703074083 [2.36980972 3.38862523 0.        ]
1 1.4422495703074083 [2.32263585 3.40061678 0.        ]
1 1.4422495703074083 [2.27533097 3.41195388 0.        ]
1 1.4422495703074083 [2.22790444 3.4226357  0.        ]
1 1.4422495703074083 [2.18036562 3.43266156 0.        ]
1 1.4422495703074083 [2.13272385 3.4420309  0.        ]
1 1.4422495703074083 [2.08498846 3.45074333 0.        ]
1 1.4422495703074083 [2.03716874 3.45879857 0.        ]
1 1.4422495703074083 [1.98927397 3.46619647 0.        ]
1 1.4422495703074083 [1.9413134  3.47293704 0.        ]
1 1.4422495703074083 [1.89329627 3.47902041 0.        ]
1 1.4422495703074083 [1.84523176 3.48444683 0.        ]
1 1.4422495703074083 [1.79712904 3.48921671 0.        ]
1 1.4422495703074083 [1.74899724 3.49333057 0.        ]
1 1.4422495703074083 [1.70084547 3.49678905 0.        ]
1 1.4422495703074083 [1.65268278 3.49959295 0.        ]
1 1.4422495703074083 [1.6045182  3.50174317 0.        ]
1 1.4422495703074083 [1.55636071 3.50324073 0.        ]
1 1.4422495703074083 [1.50821925 3.5040868  0.        ]
1 1.4422495703074083 [1.46010273 3.50428265 0.        ]
1 1.4422495703074083 [1.41202    3.50382969 0.        ]
1 1.4422495703074083 [1.36397985 3.50272944 0.        ]
1 1.4422495703074083 [1.31599107 3.50098352 0.        ]
1 1.4422495703074083 [1.26806234 3.49859371 0.        ]
1 1.4422495703074083 [1.22020234 3.49556187 0.        ]
1 1.4422495703074083 [1.17241966 3.49188998 0.        ]
1 1.4422495703074083 [1.12472287 3.48758016 0.        ]
1 1.4422495703074083 [1.07712045 3.4826346  0.        ]
1 1.4422495703074083 [1.02962085 3.47705563 0.        ]
1 1.4422495703074083 [0.98223245 3.47084569 0.        ]
1 1.4422495703074083 [0.93496357 3.4640073  0.        ]
1 1.4422495703074083 [0.88782248 3.45654312 0.        ]
1 1.4422495703074083 [0.84081737 3.4484559  0.        ]
1 1.4422495703074083 [0.79395639 3.43974847 0.        ]
1 1.4422495703074083 [0.74724762 3.43042381 0.        ]
1 1.4422495703074083 [0.70069905 3.42048495 0.        ]
1 1.4422495703074083 [0.65431863 3.40993506 0.        ]
1 1.4422495703074083 [0.60811425 3.39877739 0.        ]
1 1.4422495703074083 [0.5620937  3.38701527 0.        ]
1 1.4422495703074083 [0.51626473 3.37465215 0.        ]
1 1.4422495703074083 [0.47063501 3.36169156 0.        ]
1 1.4422495703074083 [0.42521214 3.34813712 0.        ]
1 1.4422495703074083 [0.38000363 3.33399256 0.        ]
1 1.4422495703074083 [0.33501696 3.31926166 0.        ]
1 1.4422495703074083 [0.29025949 3.30394831 0.        ]
1 1.4422495703074083 [0.24573854 3.2880565  0.        ]
1 1.4422495703074083 [0.20146134 3.27159027 0.        ]
1 1.4422495703074083 [0.15743504 3.25455378 0.        ]
1 1.4422495703074083 [0.11366673 3.23695123 0.        ]
1 1.4422495703074083 [0.07016341 3.21878692 0.        ]
1 1.4422495703074083 [0.02693201 3.20006525 0.        ]
1 1.4422495703074083 [-0.01602064  3.18079065  0.        ]
1 1.4422495703074083 [-0.05868774  3.16096767  0.        ]
1 1.4422495703074083 [-0.10106263  3.1406009   0.        ]
1 1.4422495703074083 [-0.14313868  3.11969501  0.        ]
1 1.4422495703074083 [-0.18490936  3.09825476  0.        ]
1 1.4422495703074083 [-0.22636822  3.07628496  0.        ]
1 1.4422495703074083 [-0.26750891  3.05379049  0.        ]
1 1.4422495703074083 [-0.30832512  3.03077631  0.        ]
1 1.4422495703074083 [-0.34881065  3.00724741  0.        ]
1 1.4422495703074083 [-0.38895938  2.9832089   0.        ]
1 1.4422495703074083 [-0.42876526  2.95866589  0.        ]
1 1.4422495703074083 [-0.46822235  2.9336236   0.        ]
1 1.4422495703074083 [-0.50732476  2.90808729  0.        ]
1 1.4422495703074083 [-0.5460667   2.88206226  0.        ]
1 1.4422495703074083 [-0.58444247  2.85555391  0.        ]
1 1.4422495703074083 [-0.62244644  2.82856766  0.        ]
1 1.4422495703074083 [-0.66007306  2.80110899  0.        ]
1 1.4422495703074083 [-0.6973169   2.77318344  0.        ]
1 1.4422495703074083 [-0.73417257  2.7447966   0.        ]
1 1.4422495703074083 [-0.77063478  2.71595412  0.        ]
1 1.4422495703074083 [-0.80669834  2.68666167  0.        ]
1 1.4422495703074083 [-0.84235813  2.65692499  0.        ]
1 1.4422495703074083 [-0.87760912  2.62674987  0.        ]
1 1.4422495703074083 [-0.91244636  2.59614214  0.        ]
1 1.4422495703074083 [-0.94686499  2.56510765  0.        ]
1 1.4422495703074083 [-0.98086023  2.53365234  0.        ]
1 1.4422495703074083 [-1.0144274   2.50178214  0.        ]
1 1.4422495703074083 [-1.04756187  2.46950307  0.        ]
1 1.4422495703074083 [-1.08025915  2.43682114  0.        ]
1 1.4422495703074083 [-1.11251478  2.40374244  0.        ]
1 1.4422495703074083 [-1.14432442  2.37027307  0.        ]
1 1.4422495703074083 [-1.17568381  2.33641918  0.        ]
1 1.4422495703074083 [-1.20658876  2.30218694  0.        ]
1 1.4422495703074083 [-1.23703518  2.26758256  0.        ]
1 1.4422495703074083 [-1.26701906  2.2326123   0.        ]
1 1.4422495703074083 [-1.29653648  2.19728242  0.        ]
1 1.4422495703074083 [-1.32558359  2.16159923  0.        ]
1 1.4422495703074083 [-1.35415664  2.12556907  0.        ]
1 1.4422495703074083 [-1.38225195  2.08919829  0.        ]
1 1.4422495703074083 [-1.40986595  2.05249328  0.        ]
1 1.4422495703074083 [-1.43699513  2.01546046  0.        ]
1 1.4422495703074083 [-1.46363607  1.97810627  0.        ]
1 1.4422495703074083 [-1.48978543  1.94043716  0.        ]
1 1.4422495703074083 [-1.51543998  1.90245963  0.        ]
1 1.4422495703074083 [-1.54059653  1.86418017  0.        ]
1 1.4422495703074083 [-1.56525201  1.82560532  0.        ]
1 1.4422495703074083 [-1.58940342  1.78674163  0.        ]
1 1.4422495703074083 [-1.61304784  1.74759565  0.        ]
1 1.4422495703074083 [-1.63618244  1.70817397  0.        ]
1 1.4422495703074083 [-1.65880447  1.6684832   0.        ]
1 1.4422495703074083 [-1.68091126  1.62852994  0.        ]
1 1.4422495703074083 [-1.70250021  1.58832083  0.        ]
1 1.4422495703074083 [-1.72356884  1.54786251  0.        ]
1 1.4422495703074083 [-1.74411471  1.50716165  0.        ]
1 1.4422495703074083 [-1.76413548  1.46622491  0.        ]
1 1.4422495703074083 [-1.7836289   1.42505898  0.        ]
1 1.4422495703074083 [-1.80259278  1.38367054  0.        ]
1 1.4422495703074083 [-1.82102503  1.3420663   0.        ]
1 1.4422495703074083 [-1.83892363  1.30025298  0.        ]
1 1.4422495703074083 [-1.85628665  1.25823729  0.        ]
1 1.4422495703074083 [-1.87311221  1.21602596  0.        ]
1 1.4422495703074083 [-1.88939856  1.17362572  0.        ]
1 1.4422495703074083 [-1.90514399  1.13104332  0.        ]
1 1.4422495703074083 [-1.92034688  1.08828549  0.        ]
1 1.4422495703074083 [-1.93500568  1.04535899  0.        ]
1 1.4422495703074083 [-1.94911895  1.00227057  0.        ]
1 1.4422495703074083 [-1.96268529  0.95902698  0.        ]
1 1.4422495703074083 [-1.97570341  0.91563497  0.        ]
1 1.4422495703074083 [-1.98817207  0.87210132  0.        ]
1 1.4422495703074083 [-2.00009012  0.82843276  0.        ]
1 1.4422495703074083 [-2.01145649  0.78463608  0.        ]
1 1.4422495703074083 [-2.02227018  0.74071801  0.        ]
1 1.4422495703074083 [-2.03253028  0.69668532  0.        ]
1 1.4422495703074083 [-2.04223594  0.65254475  0.        ]
1 1.4422495703074083 [-2.0513864   0.60830306  0.        ]
1 1.4422495703074083 [-2.05998096  0.563967    0.        ]
1 1.4422495703074083 [-2.068019    0.51954331  0.        ]
1 1.4422495703074083 [-2.07549998  0.47503872  0.        ]
1 1.4422495703074083 [-2.08242345  0.43045997  0.        ]
1 1.4422495703074083 [-2.08878899  0.38581377  0.        ]
1 1.4422495703074083 [-2.09459631  0.34110686  0.        ]
1 1.4422495703074083 [-2.09984515  0.29634593  0.        ]
1 1.4422495703074083 [-2.10453533  0.25153769  0.        ]
1 1.4422495703074083 [-2.10866678  0.20668885  0.        ]
1 1.4422495703074083 [-2.11223945  0.16180607  0.        ]
1 1.4422495703074083 [-2.11525339  0.11689603  0.        ]
1 1.4422495703074083 [-2.11770873  0.0719654   0.        ]
1 1.4422495703074083 [-2.11960566  0.02702083  0.        ]
1 1.4422495703074083 [-2.12094445 -0.01793104  0.        ]
1 1.4422495703074083 [-2.12172542 -0.06288358  0.        ]
1 1.4422495703074083 [-2.12194898 -0.10783017  0.        ]
1 1.4422495703074083 [-2.12161561 -0.15276422  0.        ]
1 1.4422495703074083 [-2.12072586 -0.19767914  0.        ]
1 1.4422495703074083 [-2.11928034 -0.24256834  0.        ]
1 1.4422495703074083 [-2.11727974 -0.28742529  0.        ]
1 1.4422495703074083 [-2.11472482 -0.33224342  0.        ]
1 1.4422495703074083 [-2.1116164  -0.37701622  0.        ]
1 1.4422495703074083 [-2.10795539 -0.42173717  0.        ]
1 1.4422495703074083 [-2.10374273 -0.46639979  0.        ]
1 1.4422495703074083 [-2.09897947 -0.51099759  0.        ]
1 1.4422495703074083 [-2.0936667  -0.55552413  0.        ]
1 1.4422495703074083 [-2.0878056  -0.59997296  0.        ]
1 1.4422495703074083 [-2.08139739 -0.64433767  0.        ]
1 1.4422495703074083 [-2.07444338 -0.68861186  0.        ]
1 1.4422495703074083 [-2.06694494 -0.73278915  0.        ]
1 1.4422495703074083 [-2.0589035  -0.77686319  0.        ]
1 1.4422495703074083 [-2.05032057 -0.82082763  0.        ]
1 1.4422495703074083 [-2.04119771 -0.86467617  0.        ]
1 1.4422495703074083 [-2.03153657 -0.90840252  0.        ]
1 1.4422495703074083 [-2.02133882 -0.9520004   0.        ]
1 1.4422495703074083 [-2.01060626 -0.99546357  0.        ]
1 1.4422495703074083 [-1.99934069 -1.03878581  0.        ]
1 1.4422495703074083 [-1.98754401 -1.08196092  0.        ]
1 1.4422495703074083 [-1.97521819 -1.12498274  0.        ]
1 1.4422495703074083 [-1.96236525 -1.16784511  0.        ]
1 1.4422495703074083 [-1.94898726 -1.21054191  0.        ]
1 1.4422495703074083 [-1.93508639 -1.25306705  0.        ]
1 1.4422495703074083 [-1.92066484 -1.29541447  0.        ]
1 1.4422495703074083 [-1.90572488 -1.33757811  0.        ]
1 1.4422495703074083 [-1.89026887 -1.37955198  0.        ]
1 1.4422495703074083 [-1.87429918 -1.42133007  0.        ]
1 1.4422495703074083 [-1.8578183  -1.46290645  0.        ]
1 1.4422495703074083 [-1.84082874 -1.50427517  0.        ]
1 1.4422495703074083 [-1.82333309 -1.54543034  0.        ]
1 1.4422495703074083 [-1.805334   -1.58636611  0.        ]
1 1.4422495703074083 [-1.78683416 -1.62707662  0.        ]
1 1.4422495703074083 [-1.76783636 -1.66755607  0.        ]
1 1.4422495703074083 [-1.74834342 -1.70779869  0.        ]
1 1.4422495703074083 [-1.72835824 -1.74779873  0.        ]
1 1.4422495703074083 [-1.70788374 -1.7875505   0.        ]
1 1.4422495703074083 [-1.68692296 -1.8270483   0.        ]
1 1.4422495703074083 [-1.66547895 -1.86628649  0.        ]
1 1.4422495703074083 [-1.64355485 -1.90525947  0.        ]
1 1.4422495703074083 [-1.62115383 -1.94396166  0.        ]
1 1.4422495703074083 [-1.59827914 -1.98238751  0.        ]
1 1.4422495703074083 [-1.57493409 -2.02053153  0.        ]
1 1.4422495703074083 [-1.55112203 -2.05838824  0.        ]
1 1.4422495703074083 [-1.52684639 -2.09595221  0.        ]
1 1.4422495703074083 [-1.50211063 -2.13321804  0.        ]
1 1.4422495703074083 [-1.4769183  -2.17018036  0.        ]
1 1.4422495703074083 [-1.45127297 -2.20683387  0.        ]
1 1.4422495703074083 [-1.4251783  -2.24317327  0.        ]
1 1.4422495703074083 [-1.39863798 -2.27919332  0.        ]
1 1.4422495703074083 [-1.37165578 -2.3148888   0.        ]
1 1.4422495703074083 [-1.34423551 -2.35025456  0.        ]
1 1.4422495703074083 [-1.31638104 -2.38528546  0.        ]
1 1.4422495703074083 [-1.28809629 -2.41997642  0.        ]
1 1.4422495703074083 [-1.25938525 -2.4543224   0.        ]
1 1.4422495703074083 [-1.23025194 -2.48831838  0.        ]
1 1.4422495703074083 [-1.20070045 -2.5219594   0.        ]
1 1.4422495703074083 [-1.17073493 -2.55524055  0.        ]
1 1.4422495703074083 [-1.14035957 -2.58815694  0.        ]
1 1.4422495703074083 [-1.10957862 -2.62070375  0.        ]
1 1.4422495703074083 [-1.07839638 -2.65287618  0.        ]
1 1.4422495703074083 [-1.04681721 -2.68466948  0.        ]
1 1.4422495703074083 [-1.01484551 -2.71607896  0.        ]
1 1.4422495703074083 [-0.98248575 -2.74709996  0.        ]
1 1.4422495703074083 [-0.94974244 -2.77772787  0.        ]
1 1.4422495703074083 [-0.91662013 -2.80795813  0.        ]
1 1.4422495703074083 [-0.88312345 -2.83778622  0.        ]
1 1.4422495703074083 [-0.84925705 -2.86720767  0.        ]
1 1.4422495703074083 [-0.81502566 -2.89621806  0.        ]
1 1.4422495703074083 [-0.78043403 -2.92481302  0.        ]
1 1.4422495703074083 [-0.74548699 -2.95298822  0.        ]
1 1.4422495703074083 [-0.71018941 -2.98073939  0.        ]
1 1.4422495703074083 [-0.67454618 -3.00806231  0.        ]
1 1.4422495703074083 [-0.63856229 -3.0349528   0.        ]
1 1.4422495703074083 [-0.60224273 -3.06140675  0.        ]
1 1.4422495703074083 [-0.56559257 -3.08742007  0.        ]
1 1.4422495703074083 [-0.52861693 -3.11298875  0.        ]
1 1.4422495703074083 [-0.49132094 -3.13810883  0.        ]
1 1.4422495703074083 [-0.45370983 -3.16277638  0.        ]
1 1.4422495703074083 [-0.41578883 -3.18698756  0.        ]
1 1.4422495703074083 [-0.37756324 -3.21073856  0.        ]
1 1.4422495703074083 [-0.3390384  -3.23402562  0.        ]
1 1.4422495703074083 [-0.3002197  -3.25684506  0.        ]
1 1.4422495703074083 [-0.26111258 -3.27919322  0.        ]
1 1.4422495703074083 [-0.2217225  -3.30106654  0.        ]
1 1.4422495703074083 [-0.182055   -3.32246147  0.        ]
1 1.4422495703074083 [-0.14211563 -3.34337457  0.        ]
1 1.4422495703074083 [-0.10191001 -3.36380241  0.        ]
1 1.4422495703074083 [-0.06144378 -3.38374164  0.        ]
1 1.4422495703074083 [-0.02072265 -3.40318897  0.        ]
1 1.4422495703074083 [ 0.02024766 -3.42214118  0.        ]
1 1.4422495703074083 [ 0.06146136 -3.44059508  0.        ]
1 1.4422495703074083 [ 0.10291263 -3.45854756  0.        ]
1 1.4422495703074083 [ 0.14459562 -3.47599558  0.        ]
1 1.4422495703074083 [ 0.18650442 -3.49293615  0.        ]
1 1.4422495703074083 [ 0.22863309 -3.50936633  0.        ]
1 1.4422495703074083 [ 0.27097565 -3.52528328  0.        ]
1 1.4422495703074083 [ 0.31352608 -3.54068418  0.        ]
1 1.4422495703074083 [ 0.35627832 -3.55556631  0.        ]
1 1.4422495703074083 [ 0.39922629 -3.569927    0.        ]
1 1.4422495703074083 [ 0.44236384 -3.58376364  0.        ]
1 1.4422495703074083 [ 0.48568481 -3.59707369  0.        ]
1 1.4422495703074083 [ 0.52918299 -3.60985468  0.        ]
1 1.4422495703074083 [ 0.57285214 -3.62210421  0.        ]
1 1.4422495703074083 [ 0.61668598 -3.63381993  0.        ]
1 1.4422495703074083 [ 0.66067821 -3.64499959  0.        ]
1 1.4422495703074083 [ 0.70482247 -3.65564098  0.        ]
1 1.4422495703074083 [ 0.7491124  -3.66574196  0.        ]
1 1.4422495703074083 [ 0.79354157 -3.67530049  0.        ]
1 1.4422495703074083 [ 0.83810355 -3.68431456  0.        ]
1 1.4422495703074083 [ 0.88279185 -3.69278226  0.        ]
1 1.4422495703074083 [ 0.92759998 -3.70070174  0.        ]
1 1.4422495703074083 [ 0.9725214  -3.70807123  0.        ]
1 1.4422495703074083 [ 1.01754954 -3.71488902  0.        ]
1 1.4422495703074083 [ 1.06267781 -3.72115348  0.        ]
1 1.4422495703074083 [ 1.10789959 -3.72686307  0.        ]
1 1.4422495703074083 [ 1.15320822 -3.73201628  0.        ]
1 1.4422495703074083 [ 1.19859703 -3.73661173  0.        ]
1 1.4422495703074083 [ 1.24405932 -3.74064808  0.        ]
1 1.4422495703074083 [ 1.28958835 -3.74412408  0.        ]
1 1.4422495703074083 [ 1.33517738 -3.74703854  0.        ]
1 1.4422495703074083 [ 1.38081962 -3.74939037  0.        ]
1 1.4422495703074083 [ 1.42650827 -3.75117854  0.        ]
1 1.4422495703074083 [ 1.47223652 -3.75240211  0.        ]
1 1.4422495703074083 [ 1.51799752 -3.75306022  0.        ]
1 1.4422495703074083 [ 1.5637844  -3.75315207  0.        ]
1 1.4422495703074083 [ 1.60959028 -3.75267696  0.        ]
1 1.4422495703074083 [ 1.65540825 -3.75163426  0.        ]
1 1.4422495703074083 [ 1.7012314  -3.75002343  0.        ]
1 1.4422495703074083 [ 1.74705277 -3.747844    0.        ]
1 1.4422495703074083 [ 1.79286543 -3.74509559  0.        ]
1 1.4422495703074083 [ 1.83866238 -3.7417779   0.        ]
1 1.4422495703074083 [ 1.88443665 -3.73789072  0.        ]
1 1.4422495703074083 [ 1.93018123 -3.7334339   0.        ]
1 1.4422495703074083 [ 1.97588912 -3.7284074   0.        ]
1 1.4422495703074083 [ 2.02155327 -3.72281125  0.        ]
1 1.4422495703074083 [ 2.06716667 -3.71664557  0.        ]
1 1.4422495703074083 [ 2.11272225 -3.70991057  0.        ]
1 1.4422495703074083 [ 2.15821297 -3.70260653  0.        ]
1 1.4422495703074083 [ 2.20363176 -3.69473383  0.        ]
1 1.4422495703074083 [ 2.24897154 -3.68629293  0.        ]
1 1.4422495703074083 [ 2.29422524 -3.67728438  0.        ]
1 1.4422495703074083 [ 2.33938578 -3.66770881  0.        ]
1 1.4422495703074083 [ 2.38444606 -3.65756696  0.        ]
1 1.4422495703074083 [ 2.429399   -3.64685962  0.        ]
1 1.4422495703074083 [ 2.47423751 -3.63558771  0.        ]
1 1.4422495703074083 [ 2.51895449 -3.6237522   0.        ]
1 1.4422495703074083 [ 2.56354284 -3.61135418  0.        ]
1 1.4422495703074083 [ 2.60799549 -3.59839482  0.        ]
1 1.4422495703074083 [ 2.65230533 -3.58487537  0.        ]
1 1.4422495703074083 [ 2.69646528 -3.57079717  0.        ]
1 1.4422495703074083 [ 2.74046826 -3.55616168  0.        ]
1 1.4422495703074083 [ 2.78430719 -3.5409704   0.        ]
1 1.4422495703074083 [ 2.82797501 -3.52522497  0.        ]
1 1.4422495703074083 [ 2.87146466 -3.5089271   0.        ]
1 1.4422495703074083 [ 2.91476908 -3.49207858  0.        ]
1 1.4422495703074083 [ 2.95788124 -3.47468131  0.        ]
1 1.4422495703074083 [ 3.0007941  -3.45673727  0.        ]
1 1.4422495703074083 [ 3.04350065 -3.43824854  0.        ]
1 1.4422495703074083 [ 3.0859939 -3.4192173  0.       ]
1 1.4422495703074083 [ 3.12826685 -3.39964579  0.        ]
1 1.4422495703074083 [ 3.17031253 -3.37953639  0.        ]
1 1.4422495703074083 [ 3.212124   -3.35889152  0.        ]
1 1.4422495703074083 [ 3.25369433 -3.33771374  0.        ]
1 1.4422495703074083 [ 3.2950166  -3.31600567  0.        ]
1 1.4422495703074083 [ 3.33608393 -3.29377004  0.        ]
1 1.4422495703074083 [ 3.37688945 -3.27100967  0.        ]
1 1.4422495703074083 [ 3.41742632 -3.24772747  0.        ]
1 1.4422495703074083 [ 3.45768773 -3.22392644  0.        ]
1 1.4422495703074083 [ 3.49766689 -3.19960969  0.        ]
1 1.4422495703074083 [ 3.53735704 -3.17478039  0.        ]
1 1.4422495703074083 [ 3.57675145 -3.14944183  0.        ]
1 1.4422495703074083 [ 3.61584344 -3.12359739  0.        ]
1 1.4422495703074083 [ 3.65462633 -3.09725054  0.        ]
1 1.4422495703074083 [ 3.69309349 -3.07040484  0.        ]
1 1.4422495703074083 [ 3.73123834 -3.04306393  0.        ]
1 1.4422495703074083 [ 3.76905432 -3.01523157  0.        ]
1 1.4422495703074083 [ 3.8065349  -2.98691158  0.        ]
1 1.4422495703074083 [ 3.84367361 -2.95810791  0.        ]
1 1.4422495703074083 [ 3.88046401 -2.92882457  0.        ]
1 1.4422495703074083 [ 3.91689972 -2.89906567  0.        ]
1 1.4422495703074083 [ 3.95297437 -2.86883542  0.        ]
1 1.4422495703074083 [ 3.98868167 -2.8381381   0.        ]
1 1.4422495703074083 [ 4.02401536 -2.8069781   0.        ]
1 1.4422495703074083 [ 4.05896923 -2.7753599   0.        ]
1 1.4422495703074083 [ 4.09353712 -2.74328806  0.        ]
1 1.4422495703074083 [ 4.12771292 -2.71076723  0.        ]
1 1.4422495703074083 [ 4.16149059 -2.67780215  0.        ]
1 1.4422495703074083 [ 4.19486412 -2.64439764  0.        ]
1 1.4422495703074083 [ 4.22782757 -2.61055864  0.        ]
1 1.4422495703074083 [ 4.26037505 -2.57629013  0.        ]
1 1.4422495703074083 [ 4.29250073 -2.54159721  0.        ]
1 1.4422495703074083 [ 4.32419885 -2.50648506  0.        ]
1 1.4422495703074083 [ 4.3554637  -2.47095894  0.        ]
1 1.4422495703074083 [ 4.38628963 -2.43502419  0.        ]
1 1.4422495703074083 [ 4.41667108 -2.39868625  0.        ]
1 1.4422495703074083 [ 4.44660252 -2.36195062  0.        ]
1 1.4422495703074083 [ 4.47607851 -2.32482291  0.        ]
1 1.4422495703074083 [ 4.50509368 -2.28730879  0.        ]
1 1.4422495703074083 [ 4.53364271 -2.24941402  0.        ]
1 1.4422495703074083 [ 4.56172039 -2.21114444  0.        ]
1 1.4422495703074083 [ 4.58932153 -2.17250598  0.        ]
1 1.4422495703074083 [ 4.61644106 -2.13350461  0.        ]
1 1.4422495703074083 [ 4.64307397 -2.09414643  0.        ]
1 1.4422495703074083 [ 4.66921532 -2.05443758  0.        ]
1 1.4422495703074083 [ 4.69486026 -2.01438429  0.        ]
1 1.4422495703074083 [ 4.72000401 -1.97399286  0.        ]
1 1.4422495703074083 [ 4.74464187 -1.93326967  0.        ]
1 1.4422495703074083 [ 4.76876925 -1.89222116  0.        ]
1 1.4422495703074083 [ 4.7923816  -1.85085386  0.        ]
1 1.4422495703074083 [ 4.8154745  -1.80917434  0.        ]
1 1.4422495703074083 [ 4.83804357 -1.76718928  0.        ]
1 1.4422495703074083 [ 4.86008457 -1.7249054   0.        ]
1 1.4422495703074083 [ 4.8815933  -1.68232949  0.        ]
1 1.4422495703074083 [ 4.90256568 -1.63946841  0.        ]
1 1.4422495703074083 [ 4.92299772 -1.59632908  0.        ]
1 1.4422495703074083 [ 4.94288551 -1.5529185   0.        ]
1 1.4422495703074083 [ 4.96222525 -1.50924371  0.        ]
1 1.4422495703074083 [ 4.98101321 -1.46531183  0.        ]
1 1.4422495703074083 [ 4.99924578 -1.42113001  0.        ]
1 1.4422495703074083 [ 5.01691945 -1.37670548  0.        ]
1 1.4422495703074083 [ 5.03403078 -1.33204553  0.        ]
1 1.4422495703074083 [ 5.05057647 -1.28715749  0.        ]
1 1.4422495703074083 [ 5.06655328 -1.24204876  0.        ]
1 1.4422495703074083 [ 5.0819581  -1.19672678  0.        ]
1 1.4422495703074083 [ 5.09678791 -1.15119903  0.        ]
1 1.4422495703074083 [ 5.11103981 -1.10547306  0.        ]
1 1.4422495703074083 [ 5.12471098 -1.05955646  0.        ]
1 1.4422495703074083 [ 5.13779872 -1.01345686  0.        ]
1 1.4422495703074083 [ 5.15030043 -0.96718194  0.        ]
1 1.4422495703074083 [ 5.16221363 -0.92073941  0.        ]
1 1.4422495703074083 [ 5.17353595 -0.87413705  0.        ]
1 1.4422495703074083 [ 5.1842651  -0.82738265  0.        ]
1 1.4422495703074083 [ 5.19439893 -0.78048405  0.        ]
1 1.4422495703074083 [ 5.20393539 -0.73344912  0.        ]
1 1.4422495703074083 [ 5.21287254 -0.68628577  0.        ]
1 1.4422495703074083 [ 5.22120856 -0.63900193  0.        ]
1 1.4422495703074083 [ 5.22894173 -0.59160558  0.        ]
1 1.4422495703074083 [ 5.23607046 -0.54410471  0.        ]
1 1.4422495703074083 [ 5.24259326 -0.49650734  0.        ]
1 1.4422495703074083 [ 5.24850875 -0.44882154  0.        ]
1 1.4422495703074083 [ 5.25381569 -0.40105536  0.        ]
1 1.4422495703074083 [ 5.25851293 -0.3532169   0.        ]
1 1.4422495703074083 [ 5.26259945 -0.30531428  0.        ]
1 1.4422495703074083 [ 5.26607435 -0.25735562  0.        ]
1 1.4422495703074083 [ 5.26893683 -0.20934908  0.        ]
1 1.4422495703074083 [ 5.27118622 -0.1613028   0.        ]
1 1.4422495703074083 [ 5.27282196 -0.11322496  0.        ]
1 1.4422495703074083 [ 5.27384363 -0.06512374  0.        ]
1 1.4422495703074083 [ 5.27425089 -0.01700733  0.        ]
1 1.4422495703074083 [5.27404356 0.03111607 0.        ]
1 1.4422495703074083 [5.27322154 0.07923827 0.        ]
1 1.4422495703074083 [5.27178488 0.12735107 0.        ]
1 1.4422495703074083 [5.26973373 0.17544627 0.        ]
1 1.4422495703074083 [5.26706836 0.22351566 0.        ]
1 1.4422495703074083 [5.26378917 0.27155106 0.        ]
1 1.4422495703074083 [5.25989667 0.31954428 0.        ]
1 1.4422495703074083 [5.25539149 0.36748712 0.        ]
1 1.4422495703074083 [5.25027439 0.41537143 0.        ]
1 1.4422495703074083 [5.24454622 0.46318904 0.        ]
1 1.4422495703074083 [5.23820797 0.51093181 0.        ]
1 1.4422495703074083 [5.23126076 0.55859161 0.        ]
1 1.4422495703074083 [5.2237058  0.60616032 0.        ]
1 1.4422495703074083 [5.21554442 0.65362985 0.        ]
1 1.4422495703074083 [5.2067781  0.70099214 0.        ]
1 1.4422495703074083 [5.1974084  0.74823912 0.        ]
1 1.4422495703074083 [5.18743701 0.79536279 0.        ]
1 1.4422495703074083 [5.17686574 0.84235513 0.        ]
1 1.4422495703074083 [5.16569651 0.8892082  0.        ]
1 1.4422495703074083 [5.15393136 0.93591405 0.        ]
1 1.4422495703074083 [5.14157244 0.98246479 0.        ]
1 1.4422495703074083 [5.12862201 1.02885253 0.        ]
1 1.4422495703074083 [5.11508245 1.07506947 0.        ]
1 1.4422495703074083 [5.10095626 1.1211078  0.        ]
1 1.4422495703074083 [5.08624603 1.16695977 0.        ]
1 1.4422495703074083 [5.07095448 1.21261767 0.        ]
1 1.4422495703074083 [5.05508443 1.25807385 0.        ]
1 1.4422495703074083 [5.03863881 1.30332068 0.        ]
1 1.4422495703074083 [5.02162067 1.34835059 0.        ]
1 1.4422495703074083 [5.00403315 1.39315606 0.        ]
1 1.4422495703074083 [4.98587951 1.43772962 0.        ]
1 1.4422495703074083 [4.96716312 1.48206385 0.        ]
1 1.4422495703074083 [4.94788743 1.5261514  0.        ]
1 1.4422495703074083 [4.92805603 1.56998495 0.        ]
1 1.4422495703074083 [4.90767257 1.61355726 0.        ]
1 1.4422495703074083 [4.88674084 1.65686114 0.        ]
1 1.4422495703074083 [4.86526471 1.69988946 0.        ]
1 1.4422495703074083 [4.84324815 1.74263515 0.        ]
1 1.4422495703074083 [4.82069524 1.78509122 0.        ]
1 1.4422495703074083 [4.79761014 1.82725074 0.        ]
1 1.4422495703074083 [4.77399713 1.86910683 0.        ]
1 1.4422495703074083 [4.74986055 1.9106527  0.        ]
1 1.4422495703074083 [4.72520487 1.95188162 0.        ]
1 1.4422495703074083 [4.70003462 1.99278693 0.        ]
1 1.4422495703074083 [4.67435445 2.03336205 0.        ]
1 1.4422495703074083 [4.64816907 2.07360048 0.        ]
1 1.4422495703074083 [4.6214833  2.11349577 0.        ]
1 1.4422495703074083 [4.59430204 2.15304157 0.        ]
1 1.4422495703074083 [4.56663026 2.19223161 0.        ]
1 1.4422495703074083 [4.53847304 2.23105969 0.        ]
1 1.4422495703074083 [4.50983552 2.26951969 0.        ]
1 1.4422495703074083 [4.48072294 2.30760557 0.        ]
1 1.4422495703074083 [4.45114059 2.34531138 0.        ]
1 1.4422495703074083 [4.42109388 2.38263126 0.        ]
1 1.4422495703074083 [4.39058825 2.41955942 0.        ]
1 1.4422495703074083 [4.35962924 2.45609016 0.        ]
1 1.4422495703074083 [4.32822247 2.49221788 0.        ]
1 1.4422495703074083 [4.29637361 2.52793705 0.        ]
1 1.4422495703074083 [4.26408842 2.56324225 0.        ]
1 1.4422495703074083 [4.2313727  2.59812812 0.        ]
1 1.4422495703074083 [4.19823235 2.63258943 0.        ]
1 1.4422495703074083 [4.16467331 2.666621   0.        ]
1 1.4422495703074083 [4.13070159 2.70021778 0.        ]
1 1.4422495703074083 [4.09632327 2.73337479 0.        ]
1 1.4422495703074083 [4.06154449 2.76608715 0.        ]
1 1.4422495703074083 [4.02637142 2.79835008 0.        ]
1 1.4422495703074083 [3.99081032 2.83015889 0.        ]
1 1.4422495703074083 [3.9548675  2.86150899 0.        ]
1 1.4422495703074083 [3.9185493  2.89239588 0.        ]
1 1.4422495703074083 [3.88186213 2.92281516 0.        ]
1 1.4422495703074083 [3.84481245 2.95276252 0.        ]
1 1.4422495703074083 [3.80740677 2.98223378 0.        ]
1 1.4422495703074083 [3.76965163 3.01122482 0.        ]
1 1.4422495703074083 [3.73155362 3.03973164 0.        ]
1 1.4422495703074083 [3.6931194  3.06775033 0.        ]
1 1.4422495703074083 [3.65435563 3.09527709 0.        ]
1 1.4422495703074083 [3.61526903 3.12230821 0.        ]
1 1.4422495703074083 [3.57586637 3.14884009 0.        ]
1 1.4422495703074083 [3.53615443 3.17486922 0.        ]
1 1.4422495703074083 [3.49614003 3.20039219 0.        ]
1 1.4422495703074083 [3.45583005 3.22540572 0.        ]
1 1.4422495703074083 [3.41523136 3.24990658 0.        ]
1 1.4422495703074083 [3.37435089 3.2738917  0.        ]
1 1.4422495703074083 [3.33319559 3.29735806 0.        ]
1 1.4422495703074083 [3.29177243 3.32030277 0.        ]
1 1.4422495703074083 [3.2500884  3.34272303 0.        ]
1 1.4422495703074083 [3.20815053 3.36461616 0.        ]
1 1.4422495703074083 [3.16596586 3.38597955 0.        ]
1 1.4422495703074083 [3.12354145 3.40681072 0.        ]
1 1.4422495703074083 [3.08088437 3.42710728 0.        ]
1 1.4422495703074083 [3.03800173 3.44686695 0.        ]
1 1.4422495703074083 [2.99490063 3.46608752 0.        ]
1 1.4422495703074083 [2.95158819 3.48476692 0.        ]
1 1.4422495703074083 [2.90807155 3.50290317 0.        ]
1 1.4422495703074083 [2.86435785 3.52049437 0.        ]
1 1.4422495703074083 [2.82045425 3.53753874 0.        ]
1 1.4422495703074083 [2.77636789 3.55403461 0.        ]
1 1.4422495703074083 [2.73210596 3.56998037 0.        ]
1 1.4422495703074083 [2.6876756  3.58537456 0.        ]
1 1.4422495703074083 [2.64308401 3.60021577 0.        ]
1 1.4422495703074083 [2.59833834 3.61450273 0.        ]
1 1.4422495703074083 [2.55344576 3.62823424 0.        ]
1 1.4422495703074083 [2.50841345 3.64140921 0.        ]
1 1.4422495703074083 [2.46324857 3.65402665 0.        ]
1 1.4422495703074083 [2.41795828 3.66608566 0.        ]
1 1.4422495703074083 [2.37254973 3.67758543 0.        ]
1 1.4422495703074083 [2.32703008 3.68852526 0.        ]
1 1.4422495703074083 [2.28140645 3.69890455 0.        ]
1 1.4422495703074083 [2.23568597 3.70872277 0.        ]
1 1.4422495703074083 [2.18987577 3.7179795  0.        ]
1 1.4422495703074083 [2.14398294 3.72667442 0.        ]
1 1.4422495703074083 [2.09801456 3.73480729 0.        ]
1 1.4422495703074083 [2.05197772 3.74237797 0.        ]
1 1.4422495703074083 [2.00587947 3.74938641 0.        ]
1 1.4422495703074083 [1.95972684 3.75583264 0.        ]
1 1.4422495703074083 [1.91352686 3.7617168  0.        ]
1 1.4422495703074083 [1.86728652 3.76703912 0.        ]
1 1.4422495703074083 [1.8210128  3.77179989 0.        ]
1 1.4422495703074083 [1.77471266 3.77599952 0.        ]
1 1.4422495703074083 [1.72839302 3.77963849 0.        ]
1 1.4422495703074083 [1.6820608  3.78271737 0.        ]
1 1.4422495703074083 [1.63572286 3.78523683 0.        ]
1 1.4422495703074083 [1.58938607 3.7871976  0.        ]
1 1.4422495703074083 [1.54305725 3.78860052 0.        ]
1 1.4422495703074083 [1.4967432 3.7894465 0.       ]
1 1.4422495703074083 [1.45045067 3.78973652 0.        ]
1 1.4422495703074083 [1.40418642 3.78947168 0.        ]
1 1.4422495703074083 [1.35795713 3.78865312 0.        ]
1 1.4422495703074083 [1.31176947 3.78728209 0.        ]
1 1.4422495703074083 [1.2656301 3.7853599 0.       ]
1 1.4422495703074083 [1.21954559 3.78288795 0.        ]
1 1.4422495703074083 [1.17352253 3.77986772 0.        ]
1 1.4422495703074083 [1.12756745 3.77630075 0.        ]
1 1.4422495703074083 [1.08168682 3.77218869 0.        ]
1 1.4422495703074083 [1.03588711 3.76753322 0.        ]
1 1.4422495703074083 [0.99017473 3.76233614 0.        ]
1 1.4422495703074083 [0.94455606 3.75659928 0.        ]
1 1.4422495703074083 [0.89903743 3.75032459 0.        ]
1 1.4422495703074083 [0.85362513 3.74351404 0.        ]
1 1.4422495703074083 [0.80832542 3.73616972 0.        ]
1 1.4422495703074083 [0.7631445  3.72829376 0.        ]
1 1.4422495703074083 [0.71808855 3.71988836 0.        ]
1 1.4422495703074083 [0.67316367 3.7109558  0.        ]
1 1.4422495703074083 [0.62837596 3.70149843 0.        ]
1 1.4422495703074083 [0.58373144 3.69151864 0.        ]
1 1.4422495703074083 [0.53923609 3.68101892 0.        ]
1 1.4422495703074083 [0.49489587 3.67000181 0.        ]
1 1.4422495703074083 [0.45071665 3.65846991 0.        ]
1 1.4422495703074083 [0.40670429 3.64642588 0.        ]
1 1.4422495703074083 [0.36286458 3.63387245 0.        ]
1 1.4422495703074083 [0.31920326 3.62081241 0.        ]
1 1.4422495703074083 [0.27572605 3.6072486  0.        ]
1 1.4422495703074083 [0.23243859 3.59318394 0.        ]
1 1.4422495703074083 [0.18934647 3.57862139 0.        ]
1 1.4422495703074083 [0.14645526 3.56356398 0.        ]
1 1.4422495703074083 [0.10377044 3.54801478 0.        ]
1 1.4422495703074083 [0.06129746 3.53197693 0.        ]
1 1.4422495703074083 [0.01904172 3.51545361 0.        ]
1 1.4422495703074083 [-0.02299143  3.49844808  0.        ]
1 1.4422495703074083 [-0.06479672  3.48096363  0.        ]
1 1.4422495703074083 [-0.1063689  3.4630036  0.       ]
1 1.4422495703074083 [-0.14770278  3.4445714   0.        ]
1 1.4422495703074083 [-0.18879323  3.42567048  0.        ]
1 1.4422495703074083 [-0.22963519  3.40630433  0.        ]
1 1.4422495703074083 [-0.27022361  3.3864765   0.        ]
1 1.4422495703074083 [-0.31055355  3.36619059  0.        ]
1 1.4422495703074083 [-0.35062007  3.34545024  0.        ]
1 1.4422495703074083 [-0.39041833  3.32425913  0.        ]
1 1.4422495703074083 [-0.42994351  3.302621    0.        ]
1 1.4422495703074083 [-0.46919087  3.28053962  0.        ]
1 1.4422495703074083 [-0.50815572  3.25801881  0.        ]
1 1.4422495703074083 [-0.54683342  3.23506245  0.        ]
1 1.4422495703074083 [-0.58521938  3.21167442  0.        ]
1 1.4422495703074083 [-0.62330909  3.18785867  0.        ]
1 1.4422495703074083 [-0.66109806  3.16361919  0.        ]
1 1.4422495703074083 [-0.6985819   3.13895999  0.        ]
1 1.4422495703074083 [-0.73575624  3.11388515  0.        ]
1 1.4422495703074083 [-0.77261679  3.08839876  0.        ]
1 1.4422495703074083 [-0.8091593   3.06250496  0.        ]
1 1.4422495703074083 [-0.84537959  3.03620791  0.        ]
1 1.4422495703074083 [-0.88127352  3.00951182  0.        ]
1 1.4422495703074083 [-0.91683703  2.98242094  0.        ]
1 1.4422495703074083 [-0.95206611  2.95493954  0.        ]
1 1.4422495703074083 [-0.98695679  2.92707191  0.        ]
1 1.4422495703074083 [-1.02150518  2.89882241  0.        ]
1 1.4422495703074083 [-1.05570743  2.87019541  0.        ]
1 1.4422495703074083 [-1.08955976  2.84119529  0.        ]
1 1.4422495703074083 [-1.12305845  2.8118265   0.        ]
1 1.4422495703074083 [-1.15619981  2.78209348  0.        ]
1 1.4422495703074083 [-1.18898025  2.75200074  0.        ]
1 1.4422495703074083 [-1.2213962   2.72155277  0.        ]
1 1.4422495703074083 [-1.25344418  2.69075413  0.        ]
1 1.4422495703074083 [-1.28512073  2.65960938  0.        ]
1 1.4422495703074083 [-1.31642247  2.62812311  0.        ]
1 1.4422495703074083 [-1.34734609  2.59629993  0.        ]
1 1.4422495703074083 [-1.3778883  2.5641445  0.       ]
1 1.4422495703074083 [-1.40804591  2.53166147  0.        ]
1 1.4422495703074083 [-1.43781576  2.49885553  0.        ]
1 1.4422495703074083 [-1.46719476  2.46573139  0.        ]
1 1.4422495703074083 [-1.49617986  2.43229378  0.        ]
1 1.4422495703074083 [-1.52476808  2.39854745  0.        ]
1 1.4422495703074083 [-1.5529565   2.36449716  0.        ]
1 1.4422495703074083 [-1.58074226  2.33014771  0.        ]
1 1.4422495703074083 [-1.60812253  2.29550391  0.        ]
1 1.4422495703074083 [-1.63509458  2.26057058  0.        ]
1 1.4422495703074083 [-1.66165569  2.22535257  0.        ]
1 1.4422495703074083 [-1.68780324  2.18985473  0.        ]
1 1.4422495703074083 [-1.71353463  2.15408194  0.        ]
1 1.4422495703074083 [-1.73884733  2.1180391   0.        ]
1 1.4422495703074083 [-1.76373889  2.0817311   0.        ]
1 1.4422495703074083 [-1.78820688  2.04516288  0.        ]
1 1.4422495703074083 [-1.81224894  2.00833936  0.        ]
1 1.4422495703074083 [-1.83586278  1.9712655   0.        ]
1 1.4422495703074083 [-1.85904613  1.93394625  0.        ]
1 1.4422495703074083 [-1.88179682  1.89638659  0.        ]
1 1.4422495703074083 [-1.90411271  1.8585915   0.        ]
1 1.4422495703074083 [-1.9259917   1.82056597  0.        ]
1 1.4422495703074083 [-1.94743179  1.78231502  0.        ]
1 1.4422495703074083 [-1.968431    1.74384366  0.        ]
1 1.4422495703074083 [-1.98898741  1.70515691  0.        ]
1 1.4422495703074083 [-2.00909917  1.6662598   0.        ]
1 1.4422495703074083 [-2.02876446  1.62715739  0.        ]
1 1.4422495703074083 [-2.04798154  1.58785471  0.        ]
1 1.4422495703074083 [-2.06674871  1.54835683  0.        ]
1 1.4422495703074083 [-2.08506432  1.5086688   0.        ]
1 1.4422495703074083 [-2.10292679  1.4687957   0.        ]
1 1.4422495703074083 [-2.12033459  1.42874261  0.        ]
1 1.4422495703074083 [-2.13728622  1.38851461  0.        ]
1 1.4422495703074083 [-2.15378027  1.34811678  0.        ]
1 1.4422495703074083 [-2.16981536  1.30755421  0.        ]
1 1.4422495703074083 [-2.18539017  1.266832    0.        ]
1 1.4422495703074083 [-2.20050342  1.22595524  0.        ]
1 1.4422495703074083 [-2.21515391  1.18492904  0.        ]
1 1.4422495703074083 [-2.22934047  1.1437585   0.        ]
1 1.4422495703074083 [-2.24306199  1.10244872  0.        ]
1 1.4422495703074083 [-2.25631742  1.06100482  0.        ]
1 1.4422495703074083 [-2.26910574  1.0194319   0.        ]
1 1.4422495703074083 [-2.28142601  0.97773507  0.        ]
1 1.4422495703074083 [-2.29327732  0.93591943  0.        ]
1 1.4422495703074083 [-2.30465882  0.89399011  0.        ]
1 1.4422495703074083 [-2.31556971  0.85195221  0.        ]
1 1.4422495703074083 [-2.32600924  0.80981084  0.        ]
1 1.4422495703074083 [-2.33597672  0.7675711   0.        ]
1 1.4422495703074083 [-2.3454715  0.7252381  0.       ]
1 1.4422495703074083 [-2.35449299  0.68281694  0.        ]
1 1.4422495703074083 [-2.36304064  0.64031273  0.        ]
1 1.4422495703074083 [-2.37111395  0.59773056  0.        ]
1 1.4422495703074083 [-2.37871249  0.55507554  0.        ]
1 1.4422495703074083 [-2.38583585  0.51235274  0.        ]
1 1.4422495703074083 [-2.39248369  0.46956726  0.        ]
1 1.4422495703074083 [-2.39865572  0.42672418  0.        ]
1 1.4422495703074083 [-2.40435169  0.38382858  0.        ]
1 1.4422495703074083 [-2.40957141  0.34088554  0.        ]
1 1.4422495703074083 [-2.41431472  0.29790011  0.        ]
1 1.4422495703074083 [-2.41858153  0.25487737  0.        ]
1 1.4422495703074083 [-2.42237179  0.21182237  0.        ]
1 1.4422495703074083 [-2.4256855   0.16874017  0.        ]
1 1.4422495703074083 [-2.42852269  0.12563579  0.        ]
1 1.4422495703074083 [-2.43088348  0.08251429  0.        ]
1 1.4422495703074083 [-2.43276799  0.03938068  0.        ]
1 1.4422495703074083 [-2.43417643 -0.00376001  0.        ]
1 1.4422495703074083 [-2.43510902 -0.04690276  0.        ]
1 1.4422495703074083 [-2.43556606 -0.09004258  0.        ]
1 1.4422495703074083 [-2.43554787 -0.13317447  0.        ]
1 1.4422495703074083 [-2.43505484 -0.17629344  0.        ]
1 1.4422495703074083 [-2.43408739 -0.21939451  0.        ]
1 1.4422495703074083 [-2.432646   -0.26247272  0.        ]
1 1.4422495703074083 [-2.43073118 -0.30552312  0.        ]
1 1.4422495703074083 [-2.4283435  -0.34854074  0.        ]
1 1.4422495703074083 [-2.42548357 -0.39152067  0.        ]
1 1.4422495703074083 [-2.42215205 -0.43445797  0.        ]
1 1.4422495703074083 [-2.41834965 -0.47734772  0.        ]
1 1.4422495703074083 [-2.41407711 -0.52018503  0.        ]
1 1.4422495703074083 [-2.40933522 -0.56296501  0.        ]
1 1.4422495703074083 [-2.40412484 -0.60568278  0.        ]
1 1.4422495703074083 [-2.39844684 -0.64833346  0.        ]
1 1.4422495703074083 [-2.39230215 -0.69091222  0.        ]
1 1.4422495703074083 [-2.38569176 -0.73341421  0.        ]
1 1.4422495703074083 [-2.37861667 -0.77583459  0.        ]
1 1.4422495703074083 [-2.37107795 -0.81816857  0.        ]
1 1.4422495703074083 [-2.36307671 -0.86041134  0.        ]
1 1.4422495703074083 [-2.3546141  -0.90255811  0.        ]
1 1.4422495703074083 [-2.34569133 -0.94460411  0.        ]
1 1.4422495703074083 [-2.33630962 -0.9865446   0.        ]
1 1.4422495703074083 [-2.32647027 -1.02837482  0.        ]
1 1.4422495703074083 [-2.31617459 -1.07009006  0.        ]
1 1.4422495703074083 [-2.30542396 -1.11168561  0.        ]
1 1.4422495703074083 [-2.2942198  -1.15315676  0.        ]
1 1.4422495703074083 [-2.28256356 -1.19449884  0.        ]
1 1.4422495703074083 [-2.27045674 -1.2357072   0.        ]
1 1.4422495703074083 [-2.25790088 -1.27677719  0.        ]
1 1.4422495703074083 [-2.24489757 -1.31770418  0.        ]
1 1.4422495703074083 [-2.23144842 -1.35848355  0.        ]
1 1.4422495703074083 [-2.21755513 -1.39911073  0.        ]
1 1.4422495703074083 [-2.20321938 -1.43958113  0.        ]
1 1.4422495703074083 [-2.18844294 -1.47989019  0.        ]
1 1.4422495703074083 [-2.1732276  -1.52003339  0.        ]
1 1.4422495703074083 [-2.1575752 -1.5600062  0.       ]
1 1.4422495703074083 [-2.14148761 -1.59980411  0.        ]
1 1.4422495703074083 [-2.12496675 -1.63942265  0.        ]
1 1.4422495703074083 [-2.10801459 -1.67885736  0.        ]
1 1.4422495703074083 [-2.09063312 -1.7181038   0.        ]
1 1.4422495703074083 [-2.07282439 -1.75715753  0.        ]
1 1.4422495703074083 [-2.05459048 -1.79601417  0.        ]
1 1.4422495703074083 [-2.03593351 -1.83466932  0.        ]
1 1.4422495703074083 [-2.01685564 -1.87311864  0.        ]
1 1.4422495703074083 [-1.99735909 -1.91135777  0.        ]
1 1.4422495703074083 [-1.97744608 -1.94938241  0.        ]
1 1.4422495703074083 [-1.95711891 -1.98718825  0.        ]
1 1.4422495703074083 [-1.9363799  -2.02477102  0.        ]
1 1.4422495703074083 [-1.91523141 -2.06212647  0.        ]
1 1.4422495703074083 [-1.89367585 -2.09925038  0.        ]
1 1.4422495703074083 [-1.87171565 -2.13613852  0.        ]
1 1.4422495703074083 [-1.8493533  -2.17278672  0.        ]
1 1.4422495703074083 [-1.82659131 -2.20919083  0.        ]
1 1.4422495703074083 [-1.80343225 -2.24534669  0.        ]
1 1.4422495703074083 [-1.77987872 -2.2812502   0.        ]
1 1.4422495703074083 [-1.75593334 -2.31689727  0.        ]
1 1.4422495703074083 [-1.73159879 -2.35228384  0.        ]
1 1.4422495703074083 [-1.70687779 -2.38740586  0.        ]
1 1.4422495703074083 [-1.68177309 -2.42225932  0.        ]
1 1.4422495703074083 [-1.65628747 -2.45684023  0.        ]
1 1.4422495703074083 [-1.63042376 -2.49114463  0.        ]
1 1.4422495703074083 [-1.60418483 -2.52516858  0.        ]
1 1.4422495703074083 [-1.57757358 -2.55890816  0.        ]
1 1.4422495703074083 [-1.55059295 -2.59235949  0.        ]
1 1.4422495703074083 [-1.52324591 -2.62551872  0.        ]
1 1.4422495703074083 [-1.49553548 -2.658382    0.        ]
1 1.4422495703074083 [-1.4674647  -2.69094554  0.        ]
1 1.4422495703074083 [-1.43903667 -2.72320556  0.        ]
1 1.4422495703074083 [-1.41025451 -2.75515831  0.        ]
1 1.4422495703074083 [-1.38112137 -2.78680006  0.        ]
1 1.4422495703074083 [-1.35164046 -2.81812712  0.        ]
1 1.4422495703074083 [-1.32181501 -2.84913584  0.        ]
1 1.4422495703074083 [-1.29164828 -2.87982257  0.        ]
1 1.4422495703074083 [-1.26114359 -2.91018371  0.        ]
1 1.4422495703074083 [-1.23030426 -2.94021569  0.        ]
1 1.4422495703074083 [-1.19913368 -2.96991495  0.        ]
1 1.4422495703074083 [-1.16763525 -2.99927799  0.        ]
1 1.4422495703074083 [-1.13581242 -3.02830131  0.        ]
1 1.4422495703074083 [-1.10366868 -3.05698146  0.        ]
1 1.4422495703074083 [-1.07120753 -3.08531502  0.        ]
1 1.4422495703074083 [-1.03843253 -3.1132986   0.        ]
1 1.4422495703074083 [-1.00534727 -3.14092883  0.        ]
1 1.4422495703074083 [-0.97195535 -3.1682024   0.        ]
1 1.4422495703074083 [-0.93826044 -3.19511599  0.        ]
1 1.4422495703074083 [-0.90426621 -3.22166636  0.        ]
1 1.4422495703074083 [-0.8699764  -3.24785027  0.        ]
1 1.4422495703074083 [-0.83539475 -3.27366452  0.        ]
1 1.4422495703074083 [-0.80052505 -3.29910595  0.        ]
1 1.4422495703074083 [-0.76537112 -3.32417144  0.        ]
1 1.4422495703074083 [-0.72993682 -3.34885789  0.        ]
1 1.4422495703074083 [-0.69422602 -3.37316223  0.        ]
1 1.4422495703074083 [-0.65824266 -3.39708145  0.        ]
1 1.4422495703074083 [-0.62199068 -3.42061256  0.        ]
1 1.4422495703074083 [-0.58547405 -3.4437526   0.        ]
1 1.4422495703074083 [-0.54869681 -3.46649865  0.        ]
1 1.4422495703074083 [-0.51166299 -3.48884783  0.        ]
1 1.4422495703074083 [-0.47437668 -3.5107973   0.        ]
1 1.4422495703074083 [-0.43684198 -3.53234425  0.        ]
1 1.4422495703074083 [-0.39906303 -3.55348592  0.        ]
1 1.4422495703074083 [-0.361044   -3.57421955  0.        ]
1 1.4422495703074083 [-0.3227891  -3.59454247  0.        ]
1 1.4422495703074083 [-0.28430256 -3.61445202  0.        ]
1 1.4422495703074083 [-0.24558863 -3.63394558  0.        ]
1 1.4422495703074083 [-0.20665162 -3.65302056  0.        ]
1 1.4422495703074083 [-0.16749585 -3.67167443  0.        ]
1 1.4422495703074083 [-0.12812566 -3.6899047   0.        ]
1 1.4422495703074083 [-0.08854544 -3.7077089   0.        ]
1 1.4422495703074083 [-0.0487596  -3.72508461  0.        ]
1 1.4422495703074083 [-0.00877257 -3.74202945  0.        ]
1 1.4422495703074083 [ 0.03141118 -3.7585411   0.        ]
1 1.4422495703074083 [ 0.07178715 -3.77461724  0.        ]
1 1.4422495703074083 [ 0.11235083 -3.79025564  0.        ]
1 1.4422495703074083 [ 0.15309765 -3.80545407  0.        ]
1 1.4422495703074083 [ 0.19402305 -3.82021037  0.        ]
1 1.4422495703074083 [ 0.23512242 -3.83452241  0.        ]
1 1.4422495703074083 [ 0.27639113 -3.84838811  0.        ]
1 1.4422495703074083 [ 0.31782452 -3.86180544  0.        ]
1 1.4422495703074083 [ 0.35941791 -3.87477239  0.        ]
1 1.4422495703074083 [ 0.40116659 -3.88728702  0.        ]
1 1.4422495703074083 [ 0.44306582 -3.89934741  0.        ]
1 1.4422495703074083 [ 0.48511085 -3.91095172  0.        ]
1 1.4422495703074083 [ 0.52729689 -3.92209812  0.        ]
1 1.4422495703074083 [ 0.56961912 -3.93278485  0.        ]
1 1.4422495703074083 [ 0.61207272 -3.94301018  0.        ]
1 1.4422495703074083 [ 0.65465283 -3.95277243  0.        ]
1 1.4422495703074083 [ 0.69735457 -3.96206999  0.        ]
1 1.4422495703074083 [ 0.74017304 -3.97090125  0.        ]
1 1.4422495703074083 [ 0.7831033 -3.9792647  0.       ]
1 1.4422495703074083 [ 0.82614041 -3.98715884  0.        ]
1 1.4422495703074083 [ 0.86927939 -3.99458223  0.        ]
1 1.4422495703074083 [ 0.91251526 -4.00153349  0.        ]
1 1.4422495703074083 [ 0.955843   -4.00801127  0.        ]
1 1.4422495703074083 [ 0.99925758 -4.01401429  0.        ]
1 1.4422495703074083 [ 1.04275393 -4.0195413   0.        ]
1 1.4422495703074083 [ 1.08632699 -4.02459112  0.        ]
1 1.4422495703074083 [ 1.12997166 -4.02916259  0.        ]
1 1.4422495703074083 [ 1.17368282 -4.03325464  0.        ]
1 1.4422495703074083 [ 1.21745534 -4.03686623  0.        ]
1 1.4422495703074083 [ 1.26128407 -4.03999637  0.        ]
1 1.4422495703074083 [ 1.30516384 -4.04264412  0.        ]
1 1.4422495703074083 [ 1.34908946 -4.04480861  0.        ]
1 1.4422495703074083 [ 1.39305572 -4.046489    0.        ]
1 1.4422495703074083 [ 1.43705741 -4.04768452  0.        ]
1 1.4422495703074083 [ 1.48108929 -4.04839445  0.        ]
1 1.4422495703074083 [ 1.52514611 -4.04861811  0.        ]
1 1.4422495703074083 [ 1.56922259 -4.0483549   0.        ]
1 1.4422495703074083 [ 1.61331345 -4.04760425  0.        ]
1 1.4422495703074083 [ 1.65741341 -4.04636566  0.        ]
1 1.4422495703074083 [ 1.70151713 -4.04463868  0.        ]
1 1.4422495703074083 [ 1.74561932 -4.04242291  0.        ]
1 1.4422495703074083 [ 1.78971461 -4.03971802  0.        ]
1 1.4422495703074083 [ 1.83379767 -4.03652371  0.        ]
1 1.4422495703074083 [ 1.87786314 -4.03283978  0.        ]
1 1.4422495703074083 [ 1.92190564 -4.02866604  0.        ]
1 1.4422495703074083 [ 1.9659198  -4.02400238  0.        ]
1 1.4422495703074083 [ 2.00990021 -4.01884876  0.        ]
1 1.4422495703074083 [ 2.05384149 -4.01320517  0.        ]
1 1.4422495703074083 [ 2.09773821 -4.00707167  0.        ]
1 1.4422495703074083 [ 2.14158496 -4.00044839  0.        ]
1 1.4422495703074083 [ 2.18537631 -3.9933355   0.        ]
1 1.4422495703074083 [ 2.22910683 -3.98573325  0.        ]
1 1.4422495703074083 [ 2.27277109 -3.97764191  0.        ]
1 1.4422495703074083 [ 2.31636362 -3.96906187  0.        ]
1 1.4422495703074083 [ 2.35987899 -3.95999352  0.        ]
1 1.4422495703074083 [ 2.40331174 -3.95043734  0.        ]
1 1.4422495703074083 [ 2.44665641 -3.94039388  0.        ]
1 1.4422495703074083 [ 2.48990753 -3.92986373  0.        ]
1 1.4422495703074083 [ 2.53305964 -3.91884755  0.        ]
1 1.4422495703074083 [ 2.57610727 -3.90734605  0.        ]
1 1.4422495703074083 [ 2.61904496 -3.89536002  0.        ]
1 1.4422495703074083 [ 2.66186723 -3.8828903   0.        ]
1 1.4422495703074083 [ 2.70456861 -3.8699378   0.        ]
1 1.4422495703074083 [ 2.74714364 -3.85650348  0.        ]
1 1.4422495703074083 [ 2.78958685 -3.84258838  0.        ]
1 1.4422495703074083 [ 2.83189278 -3.82819357  0.        ]
1 1.4422495703074083 [ 2.87405596 -3.81332022  0.        ]
1 1.4422495703074083 [ 2.91607093 -3.79796955  0.        ]
1 1.4422495703074083 [ 2.95793224 -3.78214283  0.        ]
1 1.4422495703074083 [ 2.99963443 -3.76584141  0.        ]
1 1.4422495703074083 [ 3.04117208 -3.7490667   0.        ]
1 1.4422495703074083 [ 3.08253974 -3.73182017  0.        ]
1 1.4422495703074083 [ 3.12373197 -3.71410334  0.        ]
1 1.4422495703074083 [ 3.16474337 -3.69591784  0.        ]
1 1.4422495703074083 [ 3.20556851 -3.6772653   0.        ]
1 1.4422495703074083 [ 3.246202   -3.65814747  0.        ]
1 1.4422495703074083 [ 3.28663844 -3.63856613  0.        ]
1 1.4422495703074083 [ 3.32687245 -3.61852315  0.        ]
1 1.4422495703074083 [ 3.36689866 -3.59802043  0.        ]
1 1.4422495703074083 [ 3.40671172 -3.57705998  0.        ]
1 1.4422495703074083 [ 3.44630628 -3.55564383  0.        ]
1 1.4422495703074083 [ 3.48567702 -3.5337741   0.        ]
1 1.4422495703074083 [ 3.52481863 -3.51145298  0.        ]
1 1.4422495703074083 [ 3.5637258 -3.4886827  0.       ]
1 1.4422495703074083 [ 3.60239327 -3.46546558  0.        ]
1 1.4422495703074083 [ 3.64081576 -3.44180399  0.        ]
1 1.4422495703074083 [ 3.67898804 -3.41770038  0.        ]
1 1.4422495703074083 [ 3.71690489 -3.39315724  0.        ]
1 1.4422495703074083 [ 3.75456109 -3.36817715  0.        ]
1 1.4422495703074083 [ 3.79195149 -3.34276274  0.        ]
1 1.4422495703074083 [ 3.8290709  -3.31691672  0.        ]
1 1.4422495703074083 [ 3.8659142  -3.29064183  0.        ]
1 1.4422495703074083 [ 3.90247629 -3.26394092  0.        ]
1 1.4422495703074083 [ 3.93875206 -3.23681689  0.        ]
1 1.4422495703074083 [ 3.97473647 -3.20927267  0.        ]
1 1.4422495703074083 [ 4.01042447 -3.18131131  0.        ]
1 1.4422495703074083 [ 4.04581107 -3.15293589  0.        ]
1 1.4422495703074083 [ 4.08089129 -3.12414955  0.        ]
1 1.4422495703074083 [ 4.11566018 -3.09495552  0.        ]
1 1.4422495703074083 [ 4.15011281 -3.06535707  0.        ]
1 1.4422495703074083 [ 4.18424432 -3.03535754  0.        ]
1 1.4422495703074083 [ 4.21804983 -3.00496036  0.        ]
1 1.4422495703074083 [ 4.25152454 -2.97416897  0.        ]
1 1.4422495703074083 [ 4.28466366 -2.94298692  0.        ]
1 1.4422495703074083 [ 4.31746243 -2.9114178   0.        ]
1 1.4422495703074083 [ 4.34991614 -2.87946528  0.        ]
1 1.4422495703074083 [ 4.38202012 -2.84713306  0.        ]
1 1.4422495703074083 [ 4.41376972 -2.81442494  0.        ]
1 1.4422495703074083 [ 4.44516033 -2.78134476  0.        ]
1 1.4422495703074083 [ 4.47618741 -2.74789642  0.        ]
1 1.4422495703074083 [ 4.50684642 -2.7140839   0.        ]
1 1.4422495703074083 [ 4.5371329  -2.67991121  0.        ]
1 1.4422495703074083 [ 4.56704239 -2.64538245  0.        ]
1 1.4422495703074083 [ 4.59657051 -2.61050177  0.        ]
1 1.4422495703074083 [ 4.62571292 -2.57527336  0.        ]
1 1.4422495703074083 [ 4.65446529 -2.53970151  0.        ]
1 1.4422495703074083 [ 4.68282339 -2.50379053  0.        ]
1 1.4422495703074083 [ 4.71078299 -2.46754481  0.        ]
1 1.4422495703074083 [ 4.73833994 -2.43096878  0.        ]
1 1.4422495703074083 [ 4.76549012 -2.39406695  0.        ]
1 1.4422495703074083 [ 4.79222947 -2.35684388  0.        ]
1 1.4422495703074083 [ 4.81855397 -2.31930416  0.        ]
1 1.4422495703074083 [ 4.84445967 -2.28145248  0.        ]
1 1.4422495703074083 [ 4.86994266 -2.24329355  0.        ]
1 1.4422495703074083 [ 4.89499908 -2.20483214  0.        ]
1 1.4422495703074083 [ 4.91962514 -2.1660731   0.        ]
1 1.4422495703074083 [ 4.94381709 -2.12702129  0.        ]
1 1.4422495703074083 [ 4.96757123 -2.08768167  0.        ]
1 1.4422495703074083 [ 4.99088395 -2.04805921  0.        ]
1 1.4422495703074083 [ 5.01375166 -2.00815897  0.        ]
1 1.4422495703074083 [ 5.03617085 -1.96798601  0.        ]
1 1.4422495703074083 [ 5.05813807 -1.9275455   0.        ]
1 1.4422495703074083 [ 5.07964992 -1.88684262  0.        ]
1 1.4422495703074083 [ 5.10070308 -1.8458826   0.        ]
1 1.4422495703074083 [ 5.12129426 -1.80467074  0.        ]
1 1.4422495703074083 [ 5.14142026 -1.76321236  0.        ]
1 1.4422495703074083 [ 5.16107795 -1.72151285  0.        ]
1 1.4422495703074083 [ 5.18026423 -1.67957764  0.        ]
1 1.4422495703074083 [ 5.1989761  -1.63741218  0.        ]
1 1.4422495703074083 [ 5.2172106  -1.59502199  0.        ]
1 1.4422495703074083 [ 5.23496486 -1.55241264  0.        ]
1 1.4422495703074083 [ 5.25223607 -1.50958972  0.        ]
1 1.4422495703074083 [ 5.26902147 -1.46655886  0.        ]
1 1.4422495703074083 [ 5.2853184  -1.42332576  0.        ]
1 1.4422495703074083 [ 5.30112425 -1.37989612  0.        ]
1 1.4422495703074083 [ 5.31643649 -1.33627571  0.        ]
1 1.4422495703074083 [ 5.33125264 -1.29247032  0.        ]
1 1.4422495703074083 [ 5.34557033 -1.24848578  0.        ]
1 1.4422495703074083 [ 5.35938723 -1.20432797  0.        ]
1 1.4422495703074083 [ 5.37270109 -1.16000277  0.        ]
1 1.4422495703074083 [ 5.38550975 -1.11551614  0.        ]
1 1.4422495703074083 [ 5.39781111 -1.07087403  0.        ]
1 1.4422495703074083 [ 5.40960314 -1.02608245  0.        ]
1 1.4422495703074083 [ 5.4208839  -0.98114742  0.        ]
1 1.4422495703074083 [ 5.43165152 -0.93607502  0.        ]
1 1.4422495703074083 [ 5.44190421 -0.89087132  0.        ]
1 1.4422495703074083 [ 5.45164024 -0.84554243  0.        ]
1 1.4422495703074083 [ 5.460858   -0.80009451  0.        ]
1 1.4422495703074083 [ 5.4695559  -0.75453372  0.        ]
1 1.4422495703074083 [ 5.47773248 -0.70886625  0.        ]
1 1.4422495703074083 [ 5.48538633 -0.66309831  0.        ]
1 1.4422495703074083 [ 5.49251614 -0.61723614  0.        ]
1 1.4422495703074083 [ 5.49912065 -0.57128599  0.        ]
1 1.4422495703074083 [ 5.50519871 -0.52525414  0.        ]
1 1.4422495703074083 [ 5.51074925 -0.47914688  0.        ]
1 1.4422495703074083 [ 5.51577125 -0.43297052  0.        ]
1 1.4422495703074083 [ 5.52026381 -0.3867314   0.        ]
1 1.4422495703074083 [ 5.5242261  -0.34043584  0.        ]
1 1.4422495703074083 [ 5.52765735 -0.29409021  0.        ]
1 1.4422495703074083 [ 5.53055689 -0.24770087  0.        ]
1 1.4422495703074083 [ 5.53292416 -0.20127419  0.        ]
1 1.4422495703074083 [ 5.53475863 -0.15481657  0.        ]
1 1.4422495703074083 [ 5.53605989 -0.1083344   0.        ]
1 1.4422495703074083 [ 5.5368276  -0.06183409  0.        ]
1 1.4422495703074083 [ 5.53706151 -0.01532204  0.        ]
1 1.4422495703074083 [5.53676144 0.03119533 0.        ]
1 1.4422495703074083 [5.53592733 0.07771161 0.        ]
1 1.4422495703074083 [5.53455915 0.12422037 0.        ]
1 1.4422495703074083 [5.532657   0.17071519 0.        ]
1 1.4422495703074083 [5.53022105 0.21718966 0.        ]
1 1.4422495703074083 [5.52725153 0.26363735 0.        ]
1 1.4422495703074083 [5.5237488  0.31005185 0.        ]
1 1.4422495703074083 [5.51971327 0.35642674 0.        ]
1 1.4422495703074083 [5.51514544 0.40275562 0.        ]
1 1.4422495703074083 [5.5100459  0.44903209 0.        ]
1 1.4422495703074083 [5.50441532 0.49524975 0.        ]
1 1.4422495703074083 [5.49825447 0.54140222 0.        ]
1 1.4422495703074083 [5.49156418 0.58748313 0.        ]
1 1.4422495703074083 [5.48434537 0.63348611 0.        ]
1 1.4422495703074083 [5.47659906 0.67940482 0.        ]
1 1.4422495703074083 [5.46832632 0.72523292 0.        ]
1 1.4422495703074083 [5.45952835 0.77096409 0.        ]
1 1.4422495703074083 [5.45020639 0.81659203 0.        ]
1 1.4422495703074083 [5.44036178 0.86211046 0.        ]
1 1.4422495703074083 [5.42999595 0.9075131  0.        ]
1 1.4422495703074083 [5.4191104  0.95279372 0.        ]
1 1.4422495703074083 [5.40770671 0.9979461  0.        ]
1 1.4422495703074083 [5.39578656 1.04296402 0.        ]
1 1.4422495703074083 [5.38335168 1.08784132 0.        ]
1 1.4422495703074083 [5.37040392 1.13257184 0.        ]
1 1.4422495703074083 [5.35694517 1.17714947 0.        ]
1 1.4422495703074083 [5.34297743 1.22156809 0.        ]
1 1.4422495703074083 [5.32850277 1.26582165 0.        ]
1 1.4422495703074083 [5.31352333 1.30990411 0.        ]
1 1.4422495703074083 [5.29804133 1.35380946 0.        ]
1 1.4422495703074083 [5.28205908 1.39753172 0.        ]
1 1.4422495703074083 [5.26557897 1.44106496 0.        ]
1 1.4422495703074083 [5.24860344 1.48440328 0.        ]
1 1.4422495703074083 [5.23113503 1.52754079 0.        ]
1 1.4422495703074083 [5.21317634 1.57047168 0.        ]
1 1.4422495703074083 [5.19473007 1.61319014 0.        ]
1 1.4422495703074083 [5.17579896 1.65569042 0.        ]
1 1.4422495703074083 [5.15638585 1.6979668  0.        ]
1 1.4422495703074083 [5.13649365 1.74001361 0.        ]
1 1.4422495703074083 [5.11612532 1.78182523 0.        ]
1 1.4422495703074083 [5.09528392 1.82339605 0.        ]
1 1.4422495703074083 [5.07397256 1.86472054 0.        ]
1 1.4422495703074083 [5.05219443 1.90579321 0.        ]
1 1.4422495703074083 [5.02995279 1.94660859 0.        ]
1 1.4422495703074083 [5.00725096 1.98716128 0.        ]
1 1.4422495703074083 [4.98409233 2.02744593 0.        ]
1 1.4422495703074083 [4.96048038 2.06745724 0.        ]
1 1.4422495703074083 [4.93641861 2.10718994 0.        ]
1 1.4422495703074083 [4.91191063 2.14663884 0.        ]
1 1.4422495703074083 [4.88696008 2.18579877 0.        ]
1 1.4422495703074083 [4.86157069 2.22466464 0.        ]
1 1.4422495703074083 [4.83574623 2.26323141 0.        ]
1 1.4422495703074083 [4.80949055 2.30149408 0.        ]
1 1.4422495703074083 [4.78280755 2.33944771 0.        ]
1 1.4422495703074083 [4.75570119 2.37708744 0.        ]
1 1.4422495703074083 [4.7281755  2.41440842 0.        ]
1 1.4422495703074083 [4.70023454 2.45140591 0.        ]
1 1.4422495703074083 [4.67188247 2.48807519 0.        ]
1 1.4422495703074083 [4.64312345 2.52441162 0.        ]
1 1.4422495703074083 [4.61396176 2.56041061 0.        ]
1 1.4422495703074083 [4.58440168 2.59606764 0.        ]
1 1.4422495703074083 [4.55444756 2.63137824 0.        ]
1 1.4422495703074083 [4.52410381 2.66633801 0.        ]
1 1.4422495703074083 [4.49337489 2.7009426  0.        ]
1 1.4422495703074083 [4.4622653  2.73518775 0.        ]
1 1.4422495703074083 [4.43077959 2.76906924 0.        ]
1 1.4422495703074083 [4.39892237 2.80258292 0.        ]
1 1.4422495703074083 [4.36669828 2.83572472 0.        ]
1 1.4422495703074083 [4.33411202 2.8684906  0.        ]
1 1.4422495703074083 [4.30116831 2.90087663 0.        ]
1 1.4422495703074083 [4.26787196 2.93287891 0.        ]
1 1.4422495703074083 [4.23422776 2.96449363 0.        ]
1 1.4422495703074083 [4.2002406  2.99571704 0.        ]
1 1.4422495703074083 [4.16591538 3.02654545 0.        ]
1 1.4422495703074083 [4.13125703 3.05697526 0.        ]
1 1.4422495703074083 [4.09627054 3.08700291 0.        ]
1 1.4422495703074083 [4.06096093 3.11662492 0.        ]
1 1.4422495703074083 [4.02533326 3.1458379  0.        ]
1 1.4422495703074083 [3.9893926  3.17463851 0.        ]
1 1.4422495703074083 [3.95314409 3.20302347 0.        ]
1 1.4422495703074083 [3.91659287 3.23098959 0.        ]
1 1.4422495703074083 [3.87974414 3.25853374 0.        ]
1 1.4422495703074083 [3.84260311 3.28565287 0.        ]
1 1.4422495703074083 [3.80517501 3.312344   0.        ]
1 1.4422495703074083 [3.76746514 3.3386042  0.        ]
1 1.4422495703074083 [3.72947878 3.36443063 0.        ]
1 1.4422495703074083 [3.69122127 3.38982054 0.        ]
1 1.4422495703074083 [3.65269795 3.41477121 0.        ]
1 1.4422495703074083 [3.6139142  3.43928002 0.        ]
1 1.4422495703074083 [3.57487541 3.46334441 0.        ]
1 1.4422495703074083 [3.535587  3.4869619 0.       ]
1 1.4422495703074083 [3.49605442 3.51013009 0.        ]
1 1.4422495703074083 [3.45628311 3.53284663 0.        ]
1 1.4422495703074083 [3.41627856 3.55510925 0.        ]
1 1.4422495703074083 [3.37604625 3.57691576 0.        ]
1 1.4422495703074083 [3.33559171 3.59826404 0.        ]
1 1.4422495703074083 [3.29492044 3.61915203 0.        ]
1 1.4422495703074083 [3.254038   3.63957777 0.        ]
1 1.4422495703074083 [3.21294993 3.65953934 0.        ]
1 1.4422495703074083 [3.17166179 3.67903491 0.        ]
1 1.4422495703074083 [3.13017916 3.69806272 0.        ]
1 1.4422495703074083 [3.08850762 3.71662107 0.        ]
1 1.4422495703074083 [3.04665277 3.73470836 0.        ]
1 1.4422495703074083 [3.0046202  3.75232303 0.        ]
1 1.4422495703074083 [2.96241552 3.7694636  0.        ]
1 1.4422495703074083 [2.92004435 3.78612868 0.        ]
1 1.4422495703074083 [2.87751231 3.80231692 0.        ]
1 1.4422495703074083 [2.834825   3.81802707 0.        ]
1 1.4422495703074083 [2.79198807 3.83325794 0.        ]
1 1.4422495703074083 [2.74900713 3.8480084  0.        ]
1 1.4422495703074083 [2.70588781 3.8622774  0.        ]
1 1.4422495703074083 [2.66263575 3.87606396 0.        ]
1 1.4422495703074083 [2.61925655 3.88936717 0.        ]
1 1.4422495703074083 [2.57575586 3.90218619 0.        ]
1 1.4422495703074083 [2.53213929 3.91452024 0.        ]
1 1.4422495703074083 [2.48841246 3.92636861 0.        ]
1 1.4422495703074083 [2.44458098 3.93773068 0.        ]
1 1.4422495703074083 [2.40065046 3.94860587 0.        ]
1 1.4422495703074083 [2.35662651 3.95899369 0.        ]
1 1.4422495703074083 [2.31251471 3.96889369 0.        ]
1 1.4422495703074083 [2.26832065 3.97830552 0.        ]
1 1.4422495703074083 [2.22404991 3.98722887 0.        ]
1 1.4422495703074083 [2.17970806 3.99566351 0.        ]
1 1.4422495703074083 [2.13530065 4.00360927 0.        ]
1 1.4422495703074083 [2.09083323 4.01106606 0.        ]
1 1.4422495703074083 [2.04631133 4.01803382 0.        ]
1 1.4422495703074083 [2.00174048 4.0245126  0.        ]
1 1.4422495703074083 [1.95712618 4.03050248 0.        ]
1 1.4422495703074083 [1.91247392 4.03600362 0.        ]
1 1.4422495703074083 [1.86778918 4.04101623 0.        ]
1 1.4422495703074083 [1.82307743 4.0455406  0.        ]
1 1.4422495703074083 [1.7783441  4.04957707 0.        ]
1 1.4422495703074083 [1.73359462 4.05312604 0.        ]
1 1.4422495703074083 [1.6888344  4.05618799 0.        ]
1 1.4422495703074083 [1.64406884 4.05876344 0.        ]
1 1.4422495703074083 [1.5993033  4.06085297 0.        ]
1 1.4422495703074083 [1.55454313 4.06245724 0.        ]
1 1.4422495703074083 [1.50979367 4.06357695 0.        ]
1 1.4422495703074083 [1.46506022 4.06421287 0.        ]
1 1.4422495703074083 [1.42034806 4.06436582 0.        ]
1 1.4422495703074083 [1.37566248 4.06403668 0.        ]
1 1.4422495703074083 [1.33100869 4.06322639 0.        ]
1 1.4422495703074083 [1.28639193 4.06193594 0.        ]
1 1.4422495703074083 [1.24181737 4.0601664  0.        ]
1 1.4422495703074083 [1.1972902  4.05791886 0.        ]
1 1.4422495703074083 [1.15281555 4.05519448 0.        ]
1 1.4422495703074083 [1.10839854 4.05199449 0.        ]
1 1.4422495703074083 [1.06404425 4.04832014 0.        ]
1 1.4422495703074083 [1.01975775 4.04417278 0.        ]
1 1.4422495703074083 [0.97554408 4.03955377 0.        ]
1 1.4422495703074083 [0.93140823 4.03446454 0.        ]
1 1.4422495703074083 [0.88735519 4.02890656 0.        ]
1 1.4422495703074083 [0.84338991 4.02288138 0.        ]
1 1.4422495703074083 [0.7995173  4.01639058 0.        ]
1 1.4422495703074083 [0.75574225 4.00943578 0.        ]
1 1.4422495703074083 [0.71206962 4.00201866 0.        ]
1 1.4422495703074083 [0.66850424 3.99414095 0.        ]
1 1.4422495703074083 [0.6250509  3.98580444 0.        ]
1 1.4422495703074083 [0.58171438 3.97701095 0.        ]
1 1.4422495703074083 [0.53849939 3.96776234 0.        ]
1 1.4422495703074083 [0.49541064 3.95806053 0.        ]
1 1.4422495703074083 [0.4524528 3.9479075 0.       ]
1 1.4422495703074083 [0.40963051 3.93730525 0.        ]
1 1.4422495703074083 [0.36694835 3.92625582 0.        ]
1 1.4422495703074083 [0.3244109  3.91476133 0.        ]
1 1.4422495703074083 [0.28202269 3.90282391 0.        ]
1 1.4422495703074083 [0.23978822 3.89044574 0.        ]
1 1.4422495703074083 [0.19771194 3.87762905 0.        ]
1 1.4422495703074083 [0.1557983  3.86437611 0.        ]
1 1.4422495703074083 [0.11405167 3.85068923 0.        ]
1 1.4422495703074083 [0.07247641 3.83657075 0.        ]
1 1.4422495703074083 [0.03107685 3.82202307 0.        ]
1 1.4422495703074083 [-0.01014273  3.80704861  0.        ]
1 1.4422495703074083 [-0.05117809  3.79164983  0.        ]
1 1.4422495703074083 [-0.09202501  3.77582926  0.        ]
1 1.4422495703074083 [-0.13267933  3.75958942  0.        ]
1 1.4422495703074083 [-0.1731369  3.7429329  0.       ]
1 1.4422495703074083 [-0.21339363  3.72586231  0.        ]
1 1.4422495703074083 [-0.25344545  3.70838031  0.        ]
1 1.4422495703074083 [-0.29328834  3.69048957  0.        ]
1 1.4422495703074083 [-0.33291832  3.67219284  0.        ]
1 1.4422495703074083 [-0.37233145  3.65349285  0.        ]
1 1.4422495703074083 [-0.4115238  3.6343924  0.       ]
1 1.4422495703074083 [-0.45049152  3.61489431  0.        ]
1 1.4422495703074083 [-0.48923077  3.59500144  0.        ]
1 1.4422495703074083 [-0.52773775  3.57471668  0.        ]
1 1.4422495703074083 [-0.56600873  3.55404293  0.        ]
1 1.4422495703074083 [-0.60403997  3.53298316  0.        ]
1 1.4422495703074083 [-0.64182782  3.51154033  0.        ]
1 1.4422495703074083 [-0.67936862  3.48971747  0.        ]
1 1.4422495703074083 [-0.71665879  3.4675176   0.        ]
1 1.4422495703074083 [-0.75369478  3.4449438   0.        ]
1 1.4422495703074083 [-0.79047305  3.42199915  0.        ]
1 1.4422495703074083 [-0.82699014  3.39868679  0.        ]
1 1.4422495703074083 [-0.86324261  3.37500986  0.        ]
1 1.4422495703074083 [-0.89922707  3.35097153  0.        ]
1 1.4422495703074083 [-0.93494015  3.32657501  0.        ]
1 1.4422495703074083 [-0.97037854  3.30182353  0.        ]
1 1.4422495703074083 [-1.00553896  3.27672034  0.        ]
1 1.4422495703074083 [-1.04041818  3.25126871  0.        ]
1 1.4422495703074083 [-1.075013    3.22547195  0.        ]
1 1.4422495703074083 [-1.10932027  3.19933338  0.        ]
1 1.4422495703074083 [-1.14333686  3.17285635  0.        ]
1 1.4422495703074083 [-1.17705971  3.14604423  0.        ]
1 1.4422495703074083 [-1.21048578  3.11890041  0.        ]
1 1.4422495703074083 [-1.24361208  3.0914283   0.        ]
1 1.4422495703074083 [-1.27643564  3.06363134  0.        ]
1 1.4422495703074083 [-1.30895357  3.03551298  0.        ]
1 1.4422495703074083 [-1.34116298  3.0070767   0.        ]
1 1.4422495703074083 [-1.37306104  2.97832599  0.        ]
1 1.4422495703074083 [-1.40464497  2.94926437  0.        ]
1 1.4422495703074083 [-1.435912    2.91989537  0.        ]
1 1.4422495703074083 [-1.46685944  2.89022254  0.        ]
1 1.4422495703074083 [-1.4974846   2.86024945  0.        ]
1 1.4422495703074083 [-1.52778485  2.82997969  0.        ]
1 1.4422495703074083 [-1.55775762  2.79941685  0.        ]
1 1.4422495703074083 [-1.58740034  2.76856456  0.        ]
1 1.4422495703074083 [-1.6167105   2.73742646  0.        ]
1 1.4422495703074083 [-1.64568565  2.70600618  0.        ]
1 1.4422495703074083 [-1.67432334  2.67430741  0.        ]
1 1.4422495703074083 [-1.7026212   2.64233382  0.        ]
1 1.4422495703074083 [-1.73057686  2.61008911  0.        ]
1 1.4422495703074083 [-1.75818803  2.57757698  0.        ]
1 1.4422495703074083 [-1.78545243  2.54480116  0.        ]
1 1.4422495703074083 [-1.81236784  2.51176539  0.        ]
1 1.4422495703074083 [-1.83893206  2.47847341  0.        ]
1 1.4422495703074083 [-1.86514295  2.44492899  0.        ]
1 1.4422495703074083 [-1.89099839  2.41113589  0.        ]
1 1.4422495703074083 [-1.91649633  2.37709791  0.        ]
1 1.4422495703074083 [-1.94163471  2.34281884  0.        ]
1 1.4422495703074083 [-1.96641157  2.30830248  0.        ]
1 1.4422495703074083 [-1.99082494  2.27355266  0.        ]
1 1.4422495703074083 [-2.01487291  2.23857319  0.        ]
1 1.4422495703074083 [-2.03855362  2.20336792  0.        ]
1 1.4422495703074083 [-2.06186522  2.1679407   0.        ]
1 1.4422495703074083 [-2.08480592  2.13229537  0.        ]
1 1.4422495703074083 [-2.10737397  2.0964358   0.        ]
1 1.4422495703074083 [-2.12956766  2.06036587  0.        ]
1 1.4422495703074083 [-2.15138529  2.02408945  0.        ]
1 1.4422495703074083 [-2.17282524  1.98761043  0.        ]
1 1.4422495703074083 [-2.19388591  1.9509327   0.        ]
1 1.4422495703074083 [-2.21456573  1.91406017  0.        ]
1 1.4422495703074083 [-2.23486318  1.87699675  0.        ]
1 1.4422495703074083 [-2.25477677  1.83974634  0.        ]
1 1.4422495703074083 [-2.27430507  1.80231288  0.        ]
1 1.4422495703074083 [-2.29344665  1.76470028  0.        ]
1 1.4422495703074083 [-2.31220016  1.72691247  0.        ]
1 1.4422495703074083 [-2.33056425  1.6889534   0.        ]
1 1.4422495703074083 [-2.34853764  1.65082701  0.        ]
1 1.4422495703074083 [-2.36611906  1.61253723  0.        ]
1 1.4422495703074083 [-2.3833073   1.57408802  0.        ]
1 1.4422495703074083 [-2.40010118  1.53548332  0.        ]
1 1.4422495703074083 [-2.41649954  1.49672711  0.        ]
1 1.4422495703074083 [-2.43250129  1.45782333  0.        ]
1 1.4422495703074083 [-2.44810536  1.41877595  0.        ]
1 1.4422495703074083 [-2.46331071  1.37958894  0.        ]
1 1.4422495703074083 [-2.47811634  1.34026625  0.        ]
1 1.4422495703074083 [-2.49252129  1.30081187  0.        ]
1 1.4422495703074083 [-2.50652465  1.26122975  0.        ]
1 1.4422495703074083 [-2.52012553  1.22152388  0.        ]
1 1.4422495703074083 [-2.53332308  1.18169823  0.        ]
1 1.4422495703074083 [-2.54611648  1.14175677  0.        ]
1 1.4422495703074083 [-2.55850497  1.10170347  0.        ]
1 1.4422495703074083 [-2.57048779  1.06154232  0.        ]
1 1.4422495703074083 [-2.58206424  1.02127729  0.        ]
1 1.4422495703074083 [-2.59323366  0.98091235  0.        ]
1 1.4422495703074083 [-2.60399541  0.94045148  0.        ]
1 1.4422495703074083 [-2.61434889  0.89989865  0.        ]
1 1.4422495703074083 [-2.62429354  0.85925784  0.        ]
1 1.4422495703074083 [-2.63382885  0.81853302  0.        ]
1 1.4422495703074083 [-2.6429543   0.77772817  0.        ]
1 1.4422495703074083 [-2.65166946  0.73684724  0.        ]
1 1.4422495703074083 [-2.65997389  0.69589422  0.        ]
1 1.4422495703074083 [-2.66786722  0.65487306  0.        ]
1 1.4422495703074083 [-2.67534909  0.61378773  0.        ]
1 1.4422495703074083 [-2.68241918  0.57264219  0.        ]
1 1.4422495703074083 [-2.68907722  0.5314404   0.        ]
1 1.4422495703074083 [-2.69532295  0.49018631  0.        ]
1 1.4422495703074083 [-2.70115616  0.44888388  0.        ]
1 1.4422495703074083 [-2.70657668  0.40753705  0.        ]
1 1.4422495703074083 [-2.71158435  0.36614978  0.        ]
1 1.4422495703074083 [-2.71617908  0.32472599  0.        ]
1 1.4422495703074083 [-2.72036077  0.28326964  0.        ]
1 1.4422495703074083 [-2.7241294   0.24178465  0.        ]
1 1.4422495703074083 [-2.72748494  0.20027494  0.        ]
1 1.4422495703074083 [-2.73042743  0.15874446  0.        ]
1 1.4422495703074083 [-2.73295692  0.1171971   0.        ]
1 1.4422495703074083 [-2.7350735   0.07563679  0.        ]
1 1.4422495703074083 [-2.73677729  0.03406744  0.        ]
1 1.4422495703074083 [-2.73806846 -0.00750706  0.        ]
1 1.4422495703074083 [-2.73894719 -0.0490828   0.        ]
1 1.4422495703074083 [-2.73941371 -0.09065589  0.        ]
1 1.4422495703074083 [-2.73946827 -0.13222245  0.        ]
1 1.4422495703074083 [-2.73911116 -0.1737786   0.        ]
1 1.4422495703074083 [-2.73834271 -0.21532046  0.        ]
1 1.4422495703074083 [-2.73716325 -0.25684418  0.        ]
1 1.4422495703074083 [-2.73557319 -0.29834589  0.        ]
1 1.4422495703074083 [-2.73357294 -0.33982174  0.        ]
1 1.4422495703074083 [-2.73116294 -0.38126788  0.        ]
1 1.4422495703074083 [-2.72834368 -0.42268048  0.        ]
1 1.4422495703074083 [-2.72511568 -0.4640557   0.        ]
1 1.4422495703074083 [-2.72147948 -0.50538974  0.        ]
1 1.4422495703074083 [-2.71743565 -0.54667877  0.        ]
1 1.4422495703074083 [-2.71298481 -0.58791898  0.        ]
1 1.4422495703074083 [-2.70812759 -0.62910658  0.        ]
1 1.4422495703074083 [-2.70286467 -0.67023778  0.        ]
1 1.4422495703074083 [-2.69719674 -0.71130881  0.        ]
1 1.4422495703074083 [-2.69112455 -0.75231588  0.        ]
1 1.4422495703074083 [-2.68464886 -0.79325524  0.        ]
1 1.4422495703074083 [-2.67777046 -0.83412313  0.        ]
1 1.4422495703074083 [-2.67049019 -0.87491581  0.        ]
1 1.4422495703074083 [-2.66280889 -0.91562955  0.        ]
1 1.4422495703074083 [-2.65472745 -0.95626062  0.        ]
1 1.4422495703074083 [-2.6462468  -0.99680531  0.        ]
1 1.4422495703074083 [-2.63736789 -1.03725991  0.        ]
1 1.4422495703074083 [-2.62809168 -1.07762074  0.        ]
1 1.4422495703074083 [-2.6184192  -1.11788409  0.        ]
1 1.4422495703074083 [-2.60835148 -1.15804631  0.        ]
1 1.4422495703074083 [-2.59788959 -1.19810373  0.        ]
1 1.4422495703074083 [-2.58703464 -1.2380527   0.        ]
1 1.4422495703074083 [-2.57578774 -1.27788957  0.        ]
1 1.4422495703074083 [-2.56415006 -1.31761073  0.        ]
1 1.4422495703074083 [-2.5521228  -1.35721255  0.        ]
1 1.4422495703074083 [-2.53970715 -1.39669143  0.        ]
1 1.4422495703074083 [-2.52690439 -1.43604376  0.        ]
1 1.4422495703074083 [-2.51371578 -1.47526598  0.        ]
1 1.4422495703074083 [-2.50014262 -1.51435451  0.        ]
1 1.4422495703074083 [-2.48618626 -1.55330579  0.        ]
1 1.4422495703074083 [-2.47184807 -1.59211627  0.        ]
1 1.4422495703074083 [-2.45712942 -1.63078243  0.        ]
1 1.4422495703074083 [-2.44203175 -1.66930074  0.        ]
1 1.4422495703074083 [-2.42655651 -1.70766771  0.        ]
1 1.4422495703074083 [-2.41070518 -1.74587982  0.        ]
1 1.4422495703074083 [-2.39447927 -1.7839336   0.        ]
1 1.4422495703074083 [-2.37788032 -1.82182559  0.        ]
1 1.4422495703074083 [-2.36090988 -1.85955233  0.        ]
1 1.4422495703074083 [-2.34356957 -1.89711038  0.        ]
1 1.4422495703074083 [-2.32586099 -1.93449632  0.        ]
1 1.4422495703074083 [-2.3077858  -1.97170673  0.        ]
1 1.4422495703074083 [-2.28934569 -2.00873822  0.        ]
1 1.4422495703074083 [-2.27054235 -2.04558739  0.        ]
1 1.4422495703074083 [-2.25137752 -2.08225089  0.        ]
1 1.4422495703074083 [-2.23185298 -2.11872536  0.        ]
1 1.4422495703074083 [-2.21197049 -2.15500746  0.        ]
1 1.4422495703074083 [-2.1917319  -2.19109387  0.        ]
1 1.4422495703074083 [-2.17113903 -2.22698128  0.        ]
1 1.4422495703074083 [-2.15019377 -2.26266639  0.        ]
1 1.4422495703074083 [-2.12889802 -2.29814592  0.        ]
1 1.4422495703074083 [-2.10725371 -2.33341663  0.        ]
1 1.4422495703074083 [-2.08526278 -2.36847525  0.        ]
1 1.4422495703074083 [-2.06292723 -2.40331856  0.        ]
1 1.4422495703074083 [-2.04024907 -2.43794335  0.        ]
1 1.4422495703074083 [-2.01723033 -2.47234642  0.        ]
1 1.4422495703074083 [-1.99387307 -2.50652459  0.        ]
1 1.4422495703074083 [-1.97017939 -2.5404747   0.        ]
1 1.4422495703074083 [-1.94615141 -2.57419359  0.        ]
1 1.4422495703074083 [-1.92179127 -2.60767814  0.        ]
1 1.4422495703074083 [-1.89710114 -2.64092524  0.        ]
1 1.4422495703074083 [-1.87208322 -2.6739318   0.        ]
1 1.4422495703074083 [-1.84673973 -2.70669473  0.        ]
1 1.4422495703074083 [-1.82107293 -2.73921098  0.        ]
1 1.4422495703074083 [-1.79508509 -2.7714775   0.        ]
1 1.4422495703074083 [-1.76877851 -2.80349128  0.        ]
1 1.4422495703074083 [-1.74215552 -2.83524931  0.        ]
1 1.4422495703074083 [-1.71521848 -2.8667486   0.        ]
1 1.4422495703074083 [-1.68796977 -2.89798618  0.        ]
1 1.4422495703074083 [-1.66041179 -2.92895912  0.        ]
1 1.4422495703074083 [-1.63254699 -2.95966447  0.        ]
1 1.4422495703074083 [-1.6043778  -2.99009933  0.        ]
1 1.4422495703074083 [-1.57590673 -3.02026082  0.        ]
1 1.4422495703074083 [-1.54713628 -3.05014605  0.        ]
1 1.4422495703074083 [-1.51806898 -3.07975218  0.        ]
1 1.4422495703074083 [-1.48870739 -3.10907638  0.        ]
1 1.4422495703074083 [-1.4590541  -3.13811584  0.        ]
1 1.4422495703074083 [-1.42911171 -3.16686776  0.        ]
1 1.4422495703074083 [-1.39888288 -3.19532939  0.        ]
1 1.4422495703074083 [-1.36837024 -3.22349796  0.        ]
1 1.4422495703074083 [-1.33757649 -3.25137076  0.        ]
1 1.4422495703074083 [-1.30650434 -3.27894507  0.        ]
1 1.4422495703074083 [-1.27515653 -3.30621822  0.        ]
1 1.4422495703074083 [-1.2435358  -3.33318754  0.        ]
1 1.4422495703074083 [-1.21164495 -3.35985038  0.        ]
1 1.4422495703074083 [-1.17948678 -3.38620414  0.        ]
1 1.4422495703074083 [-1.14706412 -3.41224621  0.        ]
1 1.4422495703074083 [-1.11437983 -3.43797401  0.        ]
1 1.4422495703074083 [-1.08143679 -3.463385    0.        ]
1 1.4422495703074083 [-1.0482379  -3.48847664  0.        ]
1 1.4422495703074083 [-1.01478609 -3.51324644  0.        ]
1 1.4422495703074083 [-0.98108432 -3.5376919   0.        ]
1 1.4422495703074083 [-0.94713555 -3.56181057  0.        ]
1 1.4422495703074083 [-0.91294278 -3.58560002  0.        ]
1 1.4422495703074083 [-0.87850905 -3.60905782  0.        ]
1 1.4422495703074083 [-0.84383738 -3.6321816   0.        ]
1 1.4422495703074083 [-0.80893085 -3.65496898  0.        ]
1 1.4422495703074083 [-0.77379255 -3.67741763  0.        ]
1 1.4422495703074083 [-0.7384256  -3.69952524  0.        ]
1 1.4422495703074083 [-0.70283313 -3.72128951  0.        ]
1 1.4422495703074083 [-0.6670183  -3.74270819  0.        ]
1 1.4422495703074083 [-0.63098429 -3.76377903  0.        ]
1 1.4422495703074083 [-0.5947343  -3.78449981  0.        ]
1 1.4422495703074083 [-0.55827158 -3.80486836  0.        ]
1 1.4422495703074083 [-0.52159935 -3.82488251  0.        ]
1 1.4422495703074083 [-0.4847209  -3.84454012  0.        ]
1 1.4422495703074083 [-0.44763951 -3.86383908  0.        ]
1 1.4422495703074083 [-0.41035851 -3.88277732  0.        ]
1 1.4422495703074083 [-0.37288122 -3.90135278  0.        ]
1 1.4422495703074083 [-0.335211   -3.91956343  0.        ]
1 1.4422495703074083 [-0.29735124 -3.93740727  0.        ]
1 1.4422495703074083 [-0.25930533 -3.95488232  0.        ]
1 1.4422495703074083 [-0.22107669 -3.97198665  0.        ]
1 1.4422495703074083 [-0.18266877 -3.98871833  0.        ]
1 1.4422495703074083 [-0.14408503 -4.00507547  0.        ]
1 1.4422495703074083 [-0.10532896 -4.02105622  0.        ]
1 1.4422495703074083 [-0.06640404 -4.03665874  0.        ]
1 1.4422495703074083 [-0.02731382 -4.05188123  0.        ]
1 1.4422495703074083 [ 0.01193817 -4.06672191  0.        ]
1 1.4422495703074083 [ 0.05134836 -4.08117905  0.        ]
1 1.4422495703074083 [ 0.09091317 -4.09525093  0.        ]
1 1.4422495703074083 [ 0.130629   -4.10893586  0.        ]
1 1.4422495703074083 [ 0.17049222 -4.12223219  0.        ]
1 1.4422495703074083 [ 0.21049919 -4.13513829  0.        ]
1 1.4422495703074083 [ 0.25064624 -4.14765258  0.        ]
1 1.4422495703074083 [ 0.29092971 -4.15977349  0.        ]
1 1.4422495703074083 [ 0.33134589 -4.17149949  0.        ]
1 1.4422495703074083 [ 0.37189106 -4.18282908  0.        ]
1 1.4422495703074083 [ 0.41256149 -4.19376079  0.        ]
1 1.4422495703074083 [ 0.45335343 -4.20429318  0.        ]
1 1.4422495703074083 [ 0.4942631  -4.21442486  0.        ]
1 1.4422495703074083 [ 0.53528671 -4.22415445  0.        ]
1 1.4422495703074083 [ 0.57642046 -4.23348061  0.        ]
1 1.4422495703074083 [ 0.61766053 -4.24240203  0.        ]
1 1.4422495703074083 [ 0.65900306 -4.25091744  0.        ]
1 1.4422495703074083 [ 0.70044421 -4.25902561  0.        ]
1 1.4422495703074083 [ 0.74198011 -4.26672532  0.        ]
1 1.4422495703074083 [ 0.78360685 -4.27401541  0.        ]
1 1.4422495703074083 [ 0.82532053 -4.28089473  0.        ]
1 1.4422495703074083 [ 0.86711723 -4.28736218  0.        ]
1 1.4422495703074083 [ 0.90899302 -4.29341669  0.        ]
1 1.4422495703074083 [ 0.95094393 -4.29905723  0.        ]
1 1.4422495703074083 [ 0.99296599 -4.30428279  0.        ]
1 1.4422495703074083 [ 1.03505523 -4.30909242  0.        ]
1 1.4422495703074083 [ 1.07720764 -4.31348518  0.        ]
1 1.4422495703074083 [ 1.11941921 -4.31746018  0.        ]
1 1.4422495703074083 [ 1.16168591 -4.32101657  0.        ]
1 1.4422495703074083 [ 1.2040037  -4.32415352  0.        ]
1 1.4422495703074083 [ 1.24636852 -4.32687025  0.        ]
1 1.4422495703074083 [ 1.28877631 -4.32916601  0.        ]
1 1.4422495703074083 [ 1.33122298 -4.3310401   0.        ]
1 1.4422495703074083 [ 1.37370444 -4.33249183  0.        ]
1 1.4422495703074083 [ 1.41621657 -4.33352058  0.        ]
1 1.4422495703074083 [ 1.45875527 -4.33412575  0.        ]
1 1.4422495703074083 [ 1.5013164  -4.33430677  0.        ]
1 1.4422495703074083 [ 1.54389581 -4.33406313  0.        ]
1 1.4422495703074083 [ 1.58648935 -4.33339433  0.        ]
1 1.4422495703074083 [ 1.62909285 -4.33229995  0.        ]
1 1.4422495703074083 [ 1.67170215 -4.33077957  0.        ]
1 1.4422495703074083 [ 1.71431304 -4.32883282  0.        ]
1 1.4422495703074083 [ 1.75692133 -4.32645938  0.        ]
1 1.4422495703074083 [ 1.79952283 -4.32365897  0.        ]
1 1.4422495703074083 [ 1.8421133  -4.32043133  0.        ]
1 1.4422495703074083 [ 1.88468852 -4.31677626  0.        ]
1 1.4422495703074083 [ 1.92724427 -4.31269359  0.        ]
1 1.4422495703074083 [ 1.96977629 -4.30818319  0.        ]
1 1.4422495703074083 [ 2.01228033 -4.30324498  0.        ]
1 1.4422495703074083 [ 2.05475215 -4.29787892  0.        ]
1 1.4422495703074083 [ 2.09718746 -4.292085    0.        ]
1 1.4422495703074083 [ 2.139582   -4.28586325  0.        ]
