1 1.8171205928321397 [0. 0. 0.]
1 1.8171205928321397 [ 0.00018 -0.025    0.     ]
1 1.8171205928321397 [ 0.00071998 -0.0499973   0.        ]
1 1.8171205928321397 [ 0.00161985 -0.0749865   0.        ]
1 1.8171205928321397 [ 0.00287943 -0.0999622   0.        ]
1 1.8171205928321397 [ 0.00449847 -0.12491902  0.        ]
1 1.8171205928321397 [ 0.00647661 -0.14985155  0.        ]
1 1.8171205928321397 [ 0.00881342 -0.17475442  0.        ]
1 1.8171205928321397 [ 0.01150836 -0.19962225  0.        ]
1 1.8171205928321397 [ 0.01456084 -0.22444968  0.        ]
1 1.8171205928321397 [ 0.01797015 -0.24923136  0.        ]
1 1.8171205928321397 [ 0.0217355  -0.27396194  0.        ]
1 1.8171205928321397 [ 0.02585602 -0.29863611  0.        ]
1 1.8171205928321397 [ 0.03033076 -0.32324855  0.        ]
1 1.8171205928321397 [ 0.03515868 -0.34779396  0.        ]
1 1.8171205928321397 [ 0.04033863 -0.37226709  0.        ]
1 1.8171205928321397 [ 0.04586941 -0.39666268  0.        ]
1 1.8171205928321397 [ 0.05174972 -0.4209755   0.        ]
1 1.8171205928321397 [ 0.05797818 -0.44520034  0.        ]
1 1.8171205928321397 [ 0.06455331 -0.46933204  0.        ]
1 1.8171205928321397 [ 0.07147358 -0.49336543  0.        ]
1 1.8171205928321397 [ 0.07873734 -0.51729539  0.        ]
1 1.8171205928321397 [ 0.08634288 -0.54111684  0.        ]
1 1.8171205928321397 [ 0.0942884  -0.56482472  0.        ]
1 1.8171205928321397 [ 0.10257204 -0.58841399  0.        ]
1 1.8171205928321397 [ 0.11119183 -0.61187966  0.        ]
1 1.8171205928321397 [ 0.12014573 -0.63521677  0.        ]
1 1.8171205928321397 [ 0.12943164 -0.65842041  0.        ]
1 1.8171205928321397 [ 0.13904735 -0.6814857   0.        ]
1 1.8171205928321397 [ 0.14899061 -0.70440779  0.        ]
1 1.8171205928321397 [ 0.15925906 -0.72718189  0.        ]
1 1.8171205928321397 [ 0.16985029 -0.74980324  0.        ]
1 1.8171205928321397 [ 0.1807618  -0.77226713  0.        ]
1 1.8171205928321397 [ 0.19199103 -0.79456889  0.        ]
1 1.8171205928321397 [ 0.20353533 -0.81670391  0.        ]
1 1.8171205928321397 [ 0.21539198 -0.83866761  0.        ]
1 1.8171205928321397 [ 0.22755822 -0.86045547  0.        ]
1 1.8171205928321397 [ 0.24003119 -0.88206303  0.        ]
1 1.8171205928321397 [ 0.25280796 -0.90348585  0.        ]
1 1.8171205928321397 [ 0.26588556 -0.92471958  0.        ]
1 1.8171205928321397 [ 0.27926092 -0.94575989  0.        ]
1 1.8171205928321397 [ 0.29293094 -0.96660255  0.        ]
1 1.8171205928321397 [ 0.30689242 -0.98724333  0.        ]
1 1.8171205928321397 [ 0.32114212 -1.0076781   0.        ]
1 1.8171205928321397 [ 0.33567675 -1.02790277  0.        ]
1 1.8171205928321397 [ 0.35049292 -1.04791331  0.        ]
1 1.8171205928321397 [ 0.36558722 -1.06770576  0.        ]
1 1.8171205928321397 [ 0.38095615 -1.08727621  0.        ]
1 1.8171205928321397 [ 0.39659619 -1.10662082  0.        ]
1 1.8171205928321397 [ 0.41250374 -1.1257358   0.        ]
1 1.8171205928321397 [ 0.42867513 -1.14461743  0.        ]
1 1.8171205928321397 [ 0.44510669 -1.16326207  0.        ]
1 1.8171205928321397 [ 0.46179463 -1.18166613  0.        ]
1 1.8171205928321397 [ 0.47873518 -1.19982608  0.        ]
1 1.8171205928321397 [ 0.49592446 -1.21773846  0.        ]
1 1.8171205928321397 [ 0.51335859 -1.2353999   0.        ]
1 1.8171205928321397 [ 0.53103361 -1.25280706  0.        ]
1 1.8171205928321397 [ 0.54894553 -1.2699567   0.        ]
1 1.8171205928321397 [ 0.56709032 -1.28684564  0.        ]
1 1.8171205928321397 [ 0.58546389 -1.30347075  0.        ]
1 1.8171205928321397 [ 0.60406214 -1.31982901  0.        ]
1 1.8171205928321397 [ 0.6228809  -1.33591744  0.        ]
1 1.8171205928321397 [ 0.64191599 -1.35173313  0.        ]
1 1.8171205928321397 [ 0.66116316 -1.36727326  0.        ]
1 1.8171205928321397 [ 0.68061815 -1.38253507  0.        ]
1 1.8171205928321397 [ 0.70027665 -1.39751588  0.        ]
1 1.8171205928321397 [ 0.72013435 -1.41221307  0.        ]
1 1.8171205928321397 [ 0.74018687 -1.42662411  0.        ]
1 1.8171205928321397 [ 0.76042981 -1.44074654  0.        ]
1 1.8171205928321397 [ 0.78085876 -1.45457795  0.        ]
1 1.8171205928321397 [ 0.80146926 -1.46811604  0.        ]
1 1.8171205928321397 [ 0.82225685 -1.48135855  0.        ]
1 1.8171205928321397 [ 0.84321702 -1.49430332  0.        ]
1 1.8171205928321397 [ 0.86434525 -1.50694826  0.        ]
1 1.8171205928321397 [ 0.885637   -1.51929134  0.        ]
1 1.8171205928321397 [ 0.9070877  -1.53133061  0.        ]
1 1.8171205928321397 [ 0.92869278 -1.54306421  0.        ]
1 1.8171205928321397 [ 0.95044764 -1.55449033  0.        ]
1 1.8171205928321397 [ 0.97234765 -1.56560726  0.        ]
1 1.8171205928321397 [ 0.99438819 -1.57641334  0.        ]
1 1.8171205928321397 [ 1.01656462 -1.586907    0.        ]
1 1.8171205928321397 [ 1.03887228 -1.59708674  0.        ]
1 1.8171205928321397 [ 1.06130651 -1.60695114  0.        ]
1 1.8171205928321397 [ 1.08386263 -1.61649884  0.        ]
1 1.8171205928321397 [ 1.10653596 -1.62572856  0.        ]
1 1.8171205928321397 [ 1.12932181 -1.6346391   0.        ]
1 1.8171205928321397 [ 1.15221548 -1.64322933  0.        ]
1 1.8171205928321397 [ 1.17521227 -1.6514982   0.        ]
1 1.8171205928321397 [ 1.19830748 -1.65944471  0.        ]
1 1.8171205928321397 [ 1.22149641 -1.66706796  0.        ]
1 1.8171205928321397 [ 1.24477434 -1.67436711  0.        ]
1 1.8171205928321397 [ 1.26813657 -1.68134138  0.        ]
1 1.8171205928321397 [ 1.29157841 -1.68799009  0.        ]
1 1.8171205928321397 [ 1.31509514 -1.69431261  0.        ]
1 1.8171205928321397 [ 1.33868207 -1.70030839  0.        ]
1 1.8171205928321397 [ 1.36233452 -1.70597694  0.        ]
1 1.8171205928321397 [ 1.38604778 -1.71131785  0.        ]
1 1.8171205928321397 [ 1.40981719 -1.71633078  0.        ]
1 1.8171205928321397 [ 1.43363807 -1.72101545  0.        ]
1 1.8171205928321397 [ 1.45750577 -1.72537167  0.        ]
1 1.8171205928321397 [ 1.48141563 -1.72939928  0.        ]
1 1.8171205928321397 [ 1.50536302 -1.73309824  0.        ]
1 1.8171205928321397 [ 1.5293433  -1.73646852  0.        ]
1 1.8171205928321397 [ 1.55335187 -1.7395102   0.        ]
1 1.8171205928321397 [ 1.57738412 -1.74222342  0.        ]
1 1.8171205928321397 [ 1.60143548 -1.74460836  0.        ]
1 1.8171205928321397 [ 1.62550138 -1.74666528  0.        ]
1 1.8171205928321397 [ 1.64957727 -1.74839453  0.        ]
1 1.8171205928321397 [ 1.67365861 -1.74979648  0.        ]
1 1.8171205928321397 [ 1.6977409  -1.75087158  0.        ]
1 1.8171205928321397 [ 1.72181965 -1.75162036  0.        ]
1 1.8171205928321397 [ 1.74589037 -1.7520434   0.        ]
1 1.8171205928321397 [ 1.76994863 -1.75214133  0.        ]
1 1.8171205928321397 [ 1.79399    -1.75191485  0.        ]
1 1.8171205928321397 [ 1.81801007 -1.75136472  0.        ]
1 1.8171205928321397 [ 1.84200447 -1.75049176  0.        ]
1 1.8171205928321397 [ 1.86596883 -1.74929686  0.        ]
1 1.8171205928321397 [ 1.88989883 -1.74778093  0.        ]
1 1.8171205928321397 [ 1.91379017 -1.74594499  0.        ]
1 1.8171205928321397 [ 1.93763857 -1.74379008  0.        ]
1 1.8171205928321397 [ 1.96143978 -1.7413173   0.        ]
1 1.8171205928321397 [ 1.98518958 -1.73852782  0.        ]
1 1.8171205928321397 [ 2.00888378 -1.73542284  0.        ]
1 1.8171205928321397 [ 2.03251822 -1.73200365  0.        ]
1 1.8171205928321397 [ 2.05608876 -1.72827156  0.        ]
1 1.8171205928321397 [ 2.07959131 -1.72422795  0.        ]
1 1.8171205928321397 [ 2.1030218  -1.71987424  0.        ]
1 1.8171205928321397 [ 2.12637619 -1.7152119   0.        ]
1 1.8171205928321397 [ 2.14965048 -1.71024248  0.        ]
1 1.8171205928321397 [ 2.17284068 -1.70496753  0.        ]
1 1.8171205928321397 [ 2.19594288 -1.69938869  0.        ]
1 1.8171205928321397 [ 2.21895315 -1.69350763  0.        ]
1 1.8171205928321397 [ 2.24186763 -1.68732607  0.        ]
1 1.8171205928321397 [ 2.26468249 -1.68084578  0.        ]
1 1.8171205928321397 [ 2.28739393 -1.67406856  0.        ]
1 1.8171205928321397 [ 2.30999818 -1.66699628  0.        ]
1 1.8171205928321397 [ 2.33249152 -1.65963083  0.        ]
1 1.8171205928321397 [ 2.35487025 -1.65197416  0.        ]
1 1.8171205928321397 [ 2.37713073 -1.64402825  0.        ]
1 1.8171205928321397 [ 2.39926933 -1.63579514  0.        ]
1 1.8171205928321397 [ 2.42128248 -1.62727689  0.        ]
1 1.8171205928321397 [ 2.44316663 -1.61847561  0.        ]
1 1.8171205928321397 [ 2.46491829 -1.60939346  0.        ]
1 1.8171205928321397 [ 2.486534   -1.60003262  0.        ]
1 1.8171205928321397 [ 2.50801032 -1.59039533  0.        ]
1 1.8171205928321397 [ 2.52934387 -1.58048383  0.        ]
1 1.8171205928321397 [ 2.55053131 -1.57030045  0.        ]
1 1.8171205928321397 [ 2.57156934 -1.55984751  0.        ]
1 1.8171205928321397 [ 2.59245468 -1.54912738  0.        ]
1 1.8171205928321397 [ 2.61318411 -1.53814248  0.        ]
1 1.8171205928321397 [ 2.63375445 -1.52689525  0.        ]
1 1.8171205928321397 [ 2.65416256 -1.51538815  0.        ]
1 1.8171205928321397 [ 2.67440532 -1.50362371  0.        ]
1 1.8171205928321397 [ 2.69447969 -1.49160445  0.        ]
1 1.8171205928321397 [ 2.71438263 -1.47933295  0.        ]
1 1.8171205928321397 [ 2.73411117 -1.4668118   0.        ]
1 1.8171205928321397 [ 2.75366238 -1.45404364  0.        ]
1 1.8171205928321397 [ 2.77303335 -1.44103113  0.        ]
1 1.8171205928321397 [ 2.79222123 -1.42777696  0.        ]
1 1.8171205928321397 [ 2.81122322 -1.41428383  0.        ]
1 1.8171205928321397 [ 2.83003653 -1.40055449  0.        ]
1 1.8171205928321397 [ 2.84865845 -1.38659172  0.        ]
1 1.8171205928321397 [ 2.86708628 -1.3723983   0.        ]
1 1.8171205928321397 [ 2.88531739 -1.35797706  0.        ]
1 1.8171205928321397 [ 2.90334917 -1.34333083  0.        ]
1 1.8171205928321397 [ 2.92117907 -1.3284625   0.        ]
1 1.8171205928321397 [ 2.93880456 -1.31337494  0.        ]
1 1.8171205928321397 [ 2.95622318 -1.29807107  0.        ]
1 1.8171205928321397 [ 2.9734325  -1.28255383  0.        ]
1 1.8171205928321397 [ 2.99043012 -1.26682617  0.        ]
1 1.8171205928321397 [ 3.0072137  -1.25089107  0.        ]
1 1.8171205928321397 [ 3.02378094 -1.23475153  0.        ]
1 1.8171205928321397 [ 3.04012957 -1.21841057  0.        ]
1 1.8171205928321397 [ 3.05625739 -1.20187122  0.        ]
1 1.8171205928321397 [ 3.07216221 -1.18513654  0.        ]
1 1.8171205928321397 [ 3.08784191 -1.16820959  0.        ]
1 1.8171205928321397 [ 3.10329438 -1.15109347  0.        ]
1 1.8171205928321397 [ 3.11851759 -1.13379128  0.        ]
1 1.8171205928321397 [ 3.13350953 -1.11630615  0.        ]
1 1.8171205928321397 [ 3.14826824 -1.09864121  0.        ]
1 1.8171205928321397 [ 3.16279179 -1.08079962  0.        ]
1 1.8171205928321397 [ 3.17707832 -1.06278453  0.        ]
1 1.8171205928321397 [ 3.19112598 -1.04459914  0.        ]
1 1.8171205928321397 [ 3.20493298 -1.02624664  0.        ]
1 1.8171205928321397 [ 3.21849756 -1.00773023  0.        ]
1 1.8171205928321397 [ 3.23181803 -0.98905313  0.        ]
1 1.8171205928321397 [ 3.24489272 -0.97021858  0.        ]
1 1.8171205928321397 [ 3.25771999 -0.95122981  0.        ]
1 1.8171205928321397 [ 3.27029827 -0.93209009  0.        ]
1 1.8171205928321397 [ 3.28262601 -0.91280266  0.        ]
1 1.8171205928321397 [ 3.29470171 -0.89337081  0.        ]
1 1.8171205928321397 [ 3.30652392 -0.87379782  0.        ]
1 1.8171205928321397 [ 3.31809122 -0.85408699  0.        ]
1 1.8171205928321397 [ 3.32940224 -0.8342416   0.        ]
1 1.8171205928321397 [ 3.34045563 -0.81426497  0.        ]
1 1.8171205928321397 [ 3.35125011 -0.79416041  0.        ]
1 1.8171205928321397 [ 3.36178442 -0.77393126  0.        ]
1 1.8171205928321397 [ 3.37205735 -0.75358083  0.        ]
1 1.8171205928321397 [ 3.38206774 -0.73311246  0.        ]
1 1.8171205928321397 [ 3.39181445 -0.71252949  0.        ]
1 1.8171205928321397 [ 3.40129639 -0.69183527  0.        ]
1 1.8171205928321397 [ 3.41051252 -0.67103315  0.        ]
1 1.8171205928321397 [ 3.41946182 -0.65012649  0.        ]
1 1.8171205928321397 [ 3.42814332 -0.62911865  0.        ]
1 1.8171205928321397 [ 3.43655611 -0.60801298  0.        ]
1 1.8171205928321397 [ 3.44469928 -0.58681286  0.        ]
1 1.8171205928321397 [ 3.45257199 -0.56552166  0.        ]
1 1.8171205928321397 [ 3.46017344 -0.54414275  0.        ]
1 1.8171205928321397 [ 3.46750284 -0.5226795   0.        ]
1 1.8171205928321397 [ 3.47455948 -0.50113528  0.        ]
1 1.8171205928321397 [ 3.48134265 -0.47951349  0.        ]
1 1.8171205928321397 [ 3.4878517  -0.45781749  0.        ]
1 1.8171205928321397 [ 3.49408603 -0.43605066  0.        ]
1 1.8171205928321397 [ 3.50004506 -0.41421638  0.        ]
1 1.8171205928321397 [ 3.50572824 -0.39231804  0.        ]
1 1.8171205928321397 [ 3.51113509 -0.370359    0.        ]
1 1.8171205928321397 [ 3.51626514 -0.34834266  0.        ]
1 1.8171205928321397 [ 3.52111797 -0.32627238  0.        ]
1 1.8171205928321397 [ 3.5256932  -0.30415153  0.        ]
1 1.8171205928321397 [ 3.52999048 -0.2819835   0.        ]
1 1.8171205928321397 [ 3.5340095  -0.25977165  0.        ]
1 1.8171205928321397 [ 3.53774999 -0.23751936  0.        ]
1 1.8171205928321397 [ 3.54121172 -0.21522998  0.        ]
1 1.8171205928321397 [ 3.5443945  -0.19290689  0.        ]
1 1.8171205928321397 [ 3.54729815 -0.17055343  0.        ]
1 1.8171205928321397 [ 3.54992257 -0.14817296  0.        ]
1 1.8171205928321397 [ 3.55226767 -0.12576885  0.        ]
1 1.8171205928321397 [ 3.55433339 -0.10334442  0.        ]
1 1.8171205928321397 [ 3.55611972 -0.08090303  0.        ]
1 1.8171205928321397 [ 3.5576267  -0.05844801  0.        ]
1 1.8171205928321397 [ 3.55885437 -0.0359827   0.        ]
1 1.8171205928321397 [ 3.55980283 -0.01351042  0.        ]
1 1.8171205928321397 [3.56047222 0.00896552 0.        ]
1 1.8171205928321397 [3.56086271 0.03144179 0.        ]
1 1.8171205928321397 [3.56097449 0.05391509 0.        ]
1 1.8171205928321397 [3.5608078  0.07638211 0.        ]
1 1.8171205928321397 [3.56036293 0.09883957 0.        ]
1 1.8171205928321397 [3.55964017 0.12128417 0.        ]
1 1.8171205928321397 [3.55863987 0.14371264 0.        ]
1 1.8171205928321397 [3.55736241 0.16612171 0.        ]
1 1.8171205928321397 [3.5558082  0.18850811 0.        ]
1 1.8171205928321397 [3.55397769 0.21086858 0.        ]
1 1.8171205928321397 [3.55187137 0.23319989 0.        ]
1 1.8171205928321397 [3.54948974 0.2554988  0.        ]
1 1.8171205928321397 [3.54683335 0.27776206 0.        ]
1 1.8171205928321397 [3.5439028  0.29998648 0.        ]
1 1.8171205928321397 [3.54069869 0.32216884 0.        ]
1 1.8171205928321397 [3.53722169 0.34430593 0.        ]
1 1.8171205928321397 [3.53347247 0.36639458 0.        ]
1 1.8171205928321397 [3.52945175 0.38843159 0.        ]
1 1.8171205928321397 [3.52516029 0.41041382 0.        ]
1 1.8171205928321397 [3.52059886 0.43233809 0.        ]
1 1.8171205928321397 [3.51576828 0.45420126 0.        ]
1 1.8171205928321397 [3.51066941 0.4760002  0.        ]
1 1.8171205928321397 [3.50530313 0.49773178 0.        ]
1 1.8171205928321397 [3.49967034 0.5193929  0.        ]
1 1.8171205928321397 [3.49377201 0.54098046 0.        ]
1 1.8171205928321397 [3.4876091  0.56249137 0.        ]
1 1.8171205928321397 [3.48118262 0.58392255 0.        ]
1 1.8171205928321397 [3.47449363 0.60527096 0.        ]
1 1.8171205928321397 [3.46754319 0.62653353 0.        ]
1 1.8171205928321397 [3.46033242 0.64770723 0.        ]
1 1.8171205928321397 [3.45286244 0.66878906 0.        ]
1 1.8171205928321397 [3.44513443 0.68977599 0.        ]
1 1.8171205928321397 [3.43714959 0.71066504 0.        ]
1 1.8171205928321397 [3.42890915 0.73145322 0.        ]
1 1.8171205928321397 [3.42041437 0.75213758 0.        ]
1 1.8171205928321397 [3.41166655 0.77271517 0.        ]
1 1.8171205928321397 [3.402667   0.79318305 0.        ]
1 1.8171205928321397 [3.39341708 0.81353831 0.        ]
1 1.8171205928321397 [3.38391818 0.83377803 0.        ]
1 1.8171205928321397 [3.37417171 0.85389934 0.        ]
1 1.8171205928321397 [3.36417912 0.87389937 0.        ]
1 1.8171205928321397 [3.35394187 0.89377525 0.        ]
1 1.8171205928321397 [3.34346148 0.91352415 0.        ]
1 1.8171205928321397 [3.33273948 0.93314325 0.        ]
1 1.8171205928321397 [3.32177742 0.95262973 0.        ]
1 1.8171205928321397 [3.31057692 0.97198083 0.        ]
1 1.8171205928321397 [3.29913957 0.99119376 0.        ]
1 1.8171205928321397 [3.28746705 1.01026577 0.        ]
1 1.8171205928321397 [3.27556102 1.02919412 0.        ]
1 1.8171205928321397 [3.2634232 1.0479761 0.       ]
1 1.8171205928321397 [3.25105532 1.06660902 0.        ]
1 1.8171205928321397 [3.23845915 1.08509018 0.        ]
1 1.8171205928321397 [3.22563648 1.10341694 0.        ]
1 1.8171205928321397 [3.21258915 1.12158663 0.        ]
1 1.8171205928321397 [3.19931899 1.13959666 0.        ]
1 1.8171205928321397 [3.18582789 1.1574444  0.        ]
1 1.8171205928321397 [3.17211776 1.17512728 0.        ]
1 1.8171205928321397 [3.15819052 1.19264273 0.        ]
1 1.8171205928321397 [3.14404815 1.20998821 0.        ]
1 1.8171205928321397 [3.12969262 1.2271612  0.        ]
1 1.8171205928321397 [3.11512597 1.24415919 0.        ]
1 1.8171205928321397 [3.10035022 1.2609797  0.        ]
1 1.8171205928321397 [3.08536746 1.27762027 0.        ]
1 1.8171205928321397 [3.07017978 1.29407847 0.        ]
1 1.8171205928321397 [3.05478931 1.31035187 0.        ]
1 1.8171205928321397 [3.03919819 1.32643809 0.        ]
1 1.8171205928321397 [3.0234086  1.34233474 0.        ]
1 1.8171205928321397 [3.00742276 1.35803948 0.        ]
1 1.8171205928321397 [2.99124288 1.37354998 0.        ]
1 1.8171205928321397 [2.97487122 1.38886394 0.        ]
1 1.8171205928321397 [2.95831007 1.40397906 0.        ]
1 1.8171205928321397 [2.94156172 1.41889311 0.        ]
1 1.8171205928321397 [2.92462853 1.43360383 0.        ]
1 1.8171205928321397 [2.90751283 1.44810903 0.        ]
1 1.8171205928321397 [2.89021702 1.46240651 0.        ]
1 1.8171205928321397 [2.8727435  1.47649411 0.        ]
1 1.8171205928321397 [2.8550947 1.4903697 0.       ]
1 1.8171205928321397 [2.83727309 1.50403116 0.        ]
1 1.8171205928321397 [2.81928114 1.5174764  0.        ]
1 1.8171205928321397 [2.80112136 1.53070337 0.        ]
1 1.8171205928321397 [2.78279629 1.54371003 0.        ]
1 1.8171205928321397 [2.76430846 1.55649438 0.        ]
1 1.8171205928321397 [2.74566047 1.56905441 0.        ]
1 1.8171205928321397 [2.72685491 1.58138819 0.        ]
1 1.8171205928321397 [2.70789441 1.59349378 0.        ]
1 1.8171205928321397 [2.68878162 1.60536928 0.        ]
1 1.8171205928321397 [2.6695192  1.61701281 0.        ]
1 1.8171205928321397 [2.65010985 1.62842253 0.        ]
1 1.8171205928321397 [2.63055629 1.63959661 0.        ]
1 1.8171205928321397 [2.61086125 1.65053327 0.        ]
1 1.8171205928321397 [2.5910275  1.66123074 0.        ]
1 1.8171205928321397 [2.57105782 1.67168728 0.        ]
1 1.8171205928321397 [2.550955  1.6819012 0.       ]
1 1.8171205928321397 [2.53072189 1.69187082 0.        ]
1 1.8171205928321397 [2.51036132 1.70159449 0.        ]
1 1.8171205928321397 [2.48987617 1.71107059 0.        ]
1 1.8171205928321397 [2.46926932 1.72029754 0.        ]
1 1.8171205928321397 [2.44854368 1.72927378 0.        ]
1 1.8171205928321397 [2.42770219 1.73799779 0.        ]
1 1.8171205928321397 [2.40674779 1.74646807 0.        ]
1 1.8171205928321397 [2.38568346 1.75468317 0.        ]
1 1.8171205928321397 [2.36451218 1.76264164 0.        ]
1 1.8171205928321397 [2.34323696 1.77034209 0.        ]
1 1.8171205928321397 [2.32186084 1.77778316 0.        ]
1 1.8171205928321397 [2.30038685 1.7849635  0.        ]
1 1.8171205928321397 [2.27881808 1.79188182 0.        ]
1 1.8171205928321397 [2.25715759 1.79853684 0.        ]
1 1.8171205928321397 [2.2354085  1.80492734 0.        ]
1 1.8171205928321397 [2.21357393 1.8110521  0.        ]
1 1.8171205928321397 [2.19165701 1.81690997 0.        ]
1 1.8171205928321397 [2.16966089 1.82249979 0.        ]
1 1.8171205928321397 [2.14758876 1.82782049 0.        ]
1 1.8171205928321397 [2.1254438  1.83287098 0.        ]
1 1.8171205928321397 [2.10322922 1.83765024 0.        ]
1 1.8171205928321397 [2.08094823 1.84215728 0.        ]
1 1.8171205928321397 [2.05860407 1.84639113 0.        ]
1 1.8171205928321397 [2.03620001 1.85035087 0.        ]
1 1.8171205928321397 [2.0137393  1.85403561 0.        ]
1 1.8171205928321397 [1.99122523 1.85744451 0.        ]
1 1.8171205928321397 [1.96866109 1.86057674 0.        ]
1 1.8171205928321397 [1.9460502  1.86343153 0.        ]
1 1.8171205928321397 [1.92339589 1.86600814 0.        ]
1 1.8171205928321397 [1.90070148 1.86830587 0.        ]
1 1.8171205928321397 [1.87797034 1.87032404 0.        ]
1 1.8171205928321397 [1.85520582 1.87206204 0.        ]
1 1.8171205928321397 [1.83241131 1.87351927 0.        ]
1 1.8171205928321397 [1.80959019 1.87469518 0.        ]
1 1.8171205928321397 [1.78674586 1.87558927 0.        ]
1 1.8171205928321397 [1.76388174 1.87620106 0.        ]
1 1.8171205928321397 [1.74100124 1.87653011 0.        ]
1 1.8171205928321397 [1.7181078  1.87657603 0.        ]
1 1.8171205928321397 [1.69520486 1.87633848 0.        ]
1 1.8171205928321397 [1.67229587 1.87581713 0.        ]
1 1.8171205928321397 [1.6493843  1.87501171 0.        ]
1 1.8171205928321397 [1.62647361 1.873922   0.        ]
1 1.8171205928321397 [1.60356729 1.8725478  0.        ]
1 1.8171205928321397 [1.58066881 1.87088895 0.        ]
1 1.8171205928321397 [1.55778168 1.86894536 0.        ]
1 1.8171205928321397 [1.53490938 1.86671695 0.        ]
1 1.8171205928321397 [1.51205544 1.8642037  0.        ]
1 1.8171205928321397 [1.48922336 1.86140562 0.        ]
1 1.8171205928321397 [1.46641667 1.85832279 0.        ]
1 1.8171205928321397 [1.44363887 1.85495528 0.        ]
1 1.8171205928321397 [1.42089351 1.85130326 0.        ]
1 1.8171205928321397 [1.39818412 1.84736691 0.        ]
1 1.8171205928321397 [1.37551423 1.84314646 0.        ]
1 1.8171205928321397 [1.35288738 1.83864219 0.        ]
1 1.8171205928321397 [1.33030711 1.83385441 0.        ]
1 1.8171205928321397 [1.30777697 1.82878348 0.        ]
1 1.8171205928321397 [1.2853005  1.82342981 0.        ]
1 1.8171205928321397 [1.26288124 1.81779385 0.        ]
1 1.8171205928321397 [1.24052276 1.8118761  0.        ]
1 1.8171205928321397 [1.21822858 1.80567709 0.        ]
1 1.8171205928321397 [1.19600226 1.79919741 0.        ]
1 1.8171205928321397 [1.17384734 1.79243768 0.        ]
1 1.8171205928321397 [1.15176736 1.78539859 0.        ]
1 1.8171205928321397 [1.12976587 1.77808084 0.        ]
1 1.8171205928321397 [1.1078464 1.7704852 0.       ]
1 1.8171205928321397 [1.08601249 1.76261249 0.        ]
1 1.8171205928321397 [1.06426767 1.75446355 0.        ]
1 1.8171205928321397 [1.04261546 1.74603929 0.        ]
1 1.8171205928321397 [1.02105938 1.73734065 0.        ]
1 1.8171205928321397 [0.99960295 1.72836864 0.        ]
1 1.8171205928321397 [0.97824967 1.71912427 0.        ]
1 1.8171205928321397 [0.95700305 1.70960865 0.        ]
1 1.8171205928321397 [0.93586658 1.6998229  0.        ]
1 1.8171205928321397 [0.91484373 1.68976819 0.        ]
1 1.8171205928321397 [0.893938   1.67944576 0.        ]
1 1.8171205928321397 [0.87315284 1.66885687 0.        ]
1 1.8171205928321397 [0.8524917  1.65800283 0.        ]
1 1.8171205928321397 [0.83195804 1.64688502 0.        ]
1 1.8171205928321397 [0.81155528 1.63550484 0.        ]
1 1.8171205928321397 [0.79128684 1.62386374 0.        ]
1 1.8171205928321397 [0.77115614 1.61196322 0.        ]
1 1.8171205928321397 [0.75116656 1.59980484 0.        ]
1 1.8171205928321397 [0.73132148 1.58739019 0.        ]
1 1.8171205928321397 [0.71162427 1.57472092 0.        ]
1 1.8171205928321397 [0.69207828 1.5617987  0.        ]
1 1.8171205928321397 [0.67268684 1.54862527 0.        ]
1 1.8171205928321397 [0.65345325 1.53520242 0.        ]
1 1.8171205928321397 [0.63438083 1.52153196 0.        ]
1 1.8171205928321397 [0.61547284 1.50761578 0.        ]
1 1.8171205928321397 [0.59673255 1.49345579 0.        ]
1 1.8171205928321397 [0.5781632  1.47905396 0.        ]
1 1.8171205928321397 [0.55976799 1.46441229 0.        ]
1 1.8171205928321397 [0.54155014 1.44953284 0.        ]
1 1.8171205928321397 [0.52351281 1.43441771 0.        ]
1 1.8171205928321397 [0.50565916 1.41906905 0.        ]
1 1.8171205928321397 [0.48799232 1.40348905 0.        ]
1 1.8171205928321397 [0.47051539 1.38767995 0.        ]
1 1.8171205928321397 [0.45323144 1.37164403 0.        ]
1 1.8171205928321397 [0.43614354 1.35538361 0.        ]
1 1.8171205928321397 [0.4192547  1.33890107 0.        ]
1 1.8171205928321397 [0.40256794 1.32219882 0.        ]
1 1.8171205928321397 [0.38608622 1.30527932 0.        ]
1 1.8171205928321397 [0.36981248 1.28814506 0.        ]
1 1.8171205928321397 [0.35374964 1.27079861 0.        ]
1 1.8171205928321397 [0.33790058 1.25324253 0.        ]
1 1.8171205928321397 [0.32226815 1.23547947 0.        ]
1 1.8171205928321397 [0.30685518 1.2175121  0.        ]
1 1.8171205928321397 [0.29166446 1.19934312 0.        ]
1 1.8171205928321397 [0.27669874 1.18097531 0.        ]
1 1.8171205928321397 [0.26196074 1.16241145 0.        ]
1 1.8171205928321397 [0.24745316 1.14365439 0.        ]
1 1.8171205928321397 [0.23317864 1.12470701 0.        ]
1 1.8171205928321397 [0.21913981 1.10557222 0.        ]
1 1.8171205928321397 [0.20533923 1.08625299 0.        ]
1 1.8171205928321397 [0.19177947 1.06675231 0.        ]
1 1.8171205928321397 [0.17846301 1.04707322 0.        ]
1 1.8171205928321397 [0.16539234 1.02721879 0.        ]
1 1.8171205928321397 [0.15256987 1.00719215 0.        ]
1 1.8171205928321397 [0.139998   0.98699643 0.        ]
1 1.8171205928321397 [0.12767906 0.96663484 0.        ]
1 1.8171205928321397 [0.11561538 0.94611058 0.        ]
1 1.8171205928321397 [0.1038092  0.92542693 0.        ]
1 1.8171205928321397 [0.09226275 0.90458717 0.        ]
1 1.8171205928321397 [0.08097821 0.88359464 0.        ]
1 1.8171205928321397 [0.06995772 0.8624527  0.        ]
1 1.8171205928321397 [0.05920335 0.84116474 0.        ]
1 1.8171205928321397 [0.04871716 0.8197342  0.        ]
1 1.8171205928321397 [0.03850114 0.79816454 0.        ]
1 1.8171205928321397 [0.02855724 0.77645925 0.        ]
1 1.8171205928321397 [0.01888738 0.75462186 0.        ]
1 1.8171205928321397 [0.0094934  0.73265591 0.        ]
1 1.8171205928321397 [3.77108975e-04 7.10565003e-01 0.00000000e+00]
1 1.8171205928321397 [-0.00845972  0.68835274  0.        ]
1 1.8171205928321397 [-0.01701539  0.66602277  0.        ]
1 1.8171205928321397 [-0.02528823  0.64357875  0.        ]
1 1.8171205928321397 [-0.03327664  0.62102438  0.        ]
1 1.8171205928321397 [-0.04097905  0.59836339  0.        ]
1 1.8171205928321397 [-0.04839396  0.57559951  0.        ]
1 1.8171205928321397 [-0.0555199   0.55273653  0.        ]
1 1.8171205928321397 [-0.06235549  0.52977823  0.        ]
1 1.8171205928321397 [-0.06889936  0.50672843  0.        ]
1 1.8171205928321397 [-0.07515022  0.48359097  0.        ]
1 1.8171205928321397 [-0.08110682  0.46036971  0.        ]
1 1.8171205928321397 [-0.08676797  0.43706853  0.        ]
1 1.8171205928321397 [-0.09213255  0.41369133  0.        ]
1 1.8171205928321397 [-0.09719946  0.39024203  0.        ]
1 1.8171205928321397 [-0.10196769  0.36672456  0.        ]
1 1.8171205928321397 [-0.10643627  0.34314288  0.        ]
1 1.8171205928321397 [-0.11060428  0.31950096  0.        ]
1 1.8171205928321397 [-0.11447087  0.29580279  0.        ]
1 1.8171205928321397 [-0.11803523  0.27205235  0.        ]
1 1.8171205928321397 [-0.12129663  0.24825367  0.        ]
1 1.8171205928321397 [-0.12425438  0.22441077  0.        ]
1 1.8171205928321397 [-0.12690784  0.20052768  0.        ]
1 1.8171205928321397 [-0.12925647  0.17660845  0.        ]
1 1.8171205928321397 [-0.13129973  0.15265714  0.        ]
1 1.8171205928321397 [-0.13303717  0.12867781  0.        ]
1 1.8171205928321397 [-0.13446841  0.10467454  0.        ]
1 1.8171205928321397 [-0.13559311  0.0806514   0.        ]
1 1.8171205928321397 [-0.13641098  0.05661248  0.        ]
1 1.8171205928321397 [-0.13692181  0.03256187  0.        ]
1 1.8171205928321397 [-0.13712545  0.00850367  0.        ]
1 1.8171205928321397 [-0.13702178 -0.01555804  0.        ]
1 1.8171205928321397 [-0.13661077 -0.03961914  0.        ]
1 1.8171205928321397 [-0.13589244 -0.06367554  0.        ]
1 1.8171205928321397 [-0.13486686 -0.08772313  0.        ]
1 1.8171205928321397 [-0.13353418 -0.11175783  0.        ]
1 1.8171205928321397 [-0.13189459 -0.13577553  0.        ]
1 1.8171205928321397 [-0.12994834 -0.15977214  0.        ]
1 1.8171205928321397 [-0.12769575 -0.18374356  0.        ]
1 1.8171205928321397 [-0.12513719 -0.20768572  0.        ]
1 1.8171205928321397 [-0.12227311 -0.23159452  0.        ]
1 1.8171205928321397 [-0.11910399 -0.25546591  0.        ]
1 1.8171205928321397 [-0.11563038 -0.27929581  0.        ]
1 1.8171205928321397 [-0.1118529  -0.30308016  0.        ]
1 1.8171205928321397 [-0.10777221 -0.32681493  0.        ]
1 1.8171205928321397 [-0.10338905 -0.35049607  0.        ]
1 1.8171205928321397 [-0.0987042  -0.37411956  0.        ]
1 1.8171205928321397 [-0.09371851 -0.39768139  0.        ]
1 1.8171205928321397 [-0.08843287 -0.42117757  0.        ]
1 1.8171205928321397 [-0.08284826 -0.4446041   0.        ]
1 1.8171205928321397 [-0.07696568 -0.46795703  0.        ]
1 1.8171205928321397 [-0.07078622 -0.49123239  0.        ]
1 1.8171205928321397 [-0.06431101 -0.51442627  0.        ]
1 1.8171205928321397 [-0.05754123 -0.53753473  0.        ]
1 1.8171205928321397 [-0.05047813 -0.5605539   0.        ]
1 1.8171205928321397 [-0.04312301 -0.58347988  0.        ]
1 1.8171205928321397 [-0.03547724 -0.60630884  0.        ]
1 1.8171205928321397 [-0.02754221 -0.62903692  0.        ]
1 1.8171205928321397 [-0.0193194  -0.65166034  0.        ]
1 1.8171205928321397 [-0.01081033 -0.67417529  0.        ]
1 1.8171205928321397 [-0.00201658 -0.69657803  0.        ]
1 1.8171205928321397 [ 0.00706024 -0.71886481  0.        ]
1 1.8171205928321397 [ 0.01641844 -0.74103193  0.        ]
1 1.8171205928321397 [ 0.02605628 -0.7630757   0.        ]
1 1.8171205928321397 [ 0.03597199 -0.78499248  0.        ]
1 1.8171205928321397 [ 0.04616372 -0.80677863  0.        ]
1 1.8171205928321397 [ 0.05662958 -0.82843057  0.        ]
1 1.8171205928321397 [ 0.06736765 -0.84994473  0.        ]
1 1.8171205928321397 [ 0.07837593 -0.87131758  0.        ]
1 1.8171205928321397 [ 0.08965238 -0.89254561  0.        ]
1 1.8171205928321397 [ 0.10119493 -0.91362537  0.        ]
1 1.8171205928321397 [ 0.11300144 -0.93455342  0.        ]
1 1.8171205928321397 [ 0.12506972 -0.95532635  0.        ]
1 1.8171205928321397 [ 0.13739756 -0.97594081  0.        ]
1 1.8171205928321397 [ 0.14998269 -0.99639347  0.        ]
1 1.8171205928321397 [ 0.16282277 -1.01668103  0.        ]
1 1.8171205928321397 [ 0.17591546 -1.03680024  0.        ]
1 1.8171205928321397 [ 0.18925835 -1.05674788  0.        ]
1 1.8171205928321397 [ 0.20284898 -1.07652079  0.        ]
1 1.8171205928321397 [ 0.21668487 -1.09611581  0.        ]
1 1.8171205928321397 [ 0.23076348 -1.11552985  0.        ]
1 1.8171205928321397 [ 0.24508224 -1.13475984  0.        ]
1 1.8171205928321397 [ 0.25963853 -1.15380278  0.        ]
1 1.8171205928321397 [ 0.2744297  -1.17265569  0.        ]
1 1.8171205928321397 [ 0.28945306 -1.19131563  0.        ]
1 1.8171205928321397 [ 0.30470588 -1.20977971  0.        ]
1 1.8171205928321397 [ 0.32018538 -1.22804508  0.        ]
1 1.8171205928321397 [ 0.33588876 -1.24610894  0.        ]
1 1.8171205928321397 [ 0.35181319 -1.26396853  0.        ]
1 1.8171205928321397 [ 0.36795579 -1.28162112  0.        ]
1 1.8171205928321397 [ 0.38431365 -1.29906406  0.        ]
1 1.8171205928321397 [ 0.40088383 -1.31629471  0.        ]
1 1.8171205928321397 [ 0.41766335 -1.3333105   0.        ]
1 1.8171205928321397 [ 0.4346492  -1.35010889  0.        ]
1 1.8171205928321397 [ 0.45183836 -1.3666874   0.        ]
1 1.8171205928321397 [ 0.46922776 -1.38304358  0.        ]
1 1.8171205928321397 [ 0.48681429 -1.39917504  0.        ]
1 1.8171205928321397 [ 0.50459484 -1.41507945  0.        ]
1 1.8171205928321397 [ 0.52256625 -1.4307545   0.        ]
1 1.8171205928321397 [ 0.54072535 -1.44619794  0.        ]
1 1.8171205928321397 [ 0.55906894 -1.46140758  0.        ]
1 1.8171205928321397 [ 0.57759377 -1.47638126  0.        ]
1 1.8171205928321397 [ 0.59629662 -1.49111689  0.        ]
1 1.8171205928321397 [ 0.61517419 -1.50561241  0.        ]
1 1.8171205928321397 [ 0.63422319 -1.51986582  0.        ]
1 1.8171205928321397 [ 0.6534403  -1.53387517  0.        ]
1 1.8171205928321397 [ 0.67282219 -1.54763854  0.        ]
1 1.8171205928321397 [ 0.69236548 -1.56115411  0.        ]
1 1.8171205928321397 [ 0.71206682 -1.57442004  0.        ]
1 1.8171205928321397 [ 0.73192279 -1.58743461  0.        ]
1 1.8171205928321397 [ 0.75192998 -1.6001961   0.        ]
1 1.8171205928321397 [ 0.77208498 -1.61270286  0.        ]
1 1.8171205928321397 [ 0.79238432 -1.62495329  0.        ]
1 1.8171205928321397 [ 0.81282455 -1.63694585  0.        ]
1 1.8171205928321397 [ 0.8334022  -1.64867903  0.        ]
1 1.8171205928321397 [ 0.85411379 -1.66015138  0.        ]
1 1.8171205928321397 [ 0.8749558  -1.67136152  0.        ]
1 1.8171205928321397 [ 0.89592473 -1.68230808  0.        ]
1 1.8171205928321397 [ 0.91701707 -1.69298978  0.        ]
1 1.8171205928321397 [ 0.93822928 -1.70340536  0.        ]
1 1.8171205928321397 [ 0.95955781 -1.71355364  0.        ]
1 1.8171205928321397 [ 0.98099913 -1.72343347  0.        ]
1 1.8171205928321397 [ 1.00254969 -1.73304376  0.        ]
1 1.8171205928321397 [ 1.0242059  -1.74238346  0.        ]
1 1.8171205928321397 [ 1.04596422 -1.75145158  0.        ]
1 1.8171205928321397 [ 1.06782107 -1.76024718  0.        ]
1 1.8171205928321397 [ 1.08977288 -1.76876937  0.        ]
1 1.8171205928321397 [ 1.11181605 -1.7770173   0.        ]
1 1.8171205928321397 [ 1.13394702 -1.78499019  0.        ]
1 1.8171205928321397 [ 1.1561622  -1.79268728  0.        ]
1 1.8171205928321397 [ 1.178458   -1.80010789  0.        ]
1 1.8171205928321397 [ 1.20083083 -1.80725136  0.        ]
1 1.8171205928321397 [ 1.22327712 -1.81411712  0.        ]
1 1.8171205928321397 [ 1.24579327 -1.82070461  0.        ]
1 1.8171205928321397 [ 1.26837571 -1.82701332  0.        ]
1 1.8171205928321397 [ 1.29102086 -1.83304283  0.        ]
1 1.8171205928321397 [ 1.31372513 -1.83879271  0.        ]
1 1.8171205928321397 [ 1.33648496 -1.84426263  0.        ]
1 1.8171205928321397 [ 1.35929678 -1.84945227  0.        ]
1 1.8171205928321397 [ 1.38215701 -1.85436138  0.        ]
1 1.8171205928321397 [ 1.40506212 -1.85898975  0.        ]
1 1.8171205928321397 [ 1.42800853 -1.86333721  0.        ]
1 1.8171205928321397 [ 1.45099272 -1.86740365  0.        ]
1 1.8171205928321397 [ 1.47401114 -1.87118898  0.        ]
1 1.8171205928321397 [ 1.49706027 -1.8746932   0.        ]
1 1.8171205928321397 [ 1.52013658 -1.87791632  0.        ]
1 1.8171205928321397 [ 1.54323657 -1.8808584   0.        ]
1 1.8171205928321397 [ 1.56635674 -1.88351956  0.        ]
1 1.8171205928321397 [ 1.5894936  -1.88589994  0.        ]
1 1.8171205928321397 [ 1.61264367 -1.88799976  0.        ]
1 1.8171205928321397 [ 1.63580349 -1.88981924  0.        ]
1 1.8171205928321397 [ 1.6589696  -1.89135869  0.        ]
1 1.8171205928321397 [ 1.68213857 -1.89261842  0.        ]
1 1.8171205928321397 [ 1.70530696 -1.8935988   0.        ]
1 1.8171205928321397 [ 1.72847137 -1.89430026  0.        ]
1 1.8171205928321397 [ 1.7516284  -1.89472325  0.        ]
1 1.8171205928321397 [ 1.77477466 -1.89486826  0.        ]
1 1.8171205928321397 [ 1.79790679 -1.89473584  0.        ]
1 1.8171205928321397 [ 1.82102144 -1.89432656  0.        ]
1 1.8171205928321397 [ 1.84411526 -1.89364104  0.        ]
1 1.8171205928321397 [ 1.86718495 -1.89267995  0.        ]
1 1.8171205928321397 [ 1.8902272  -1.89144397  0.        ]
1 1.8171205928321397 [ 1.91323873 -1.88993386  0.        ]
1 1.8171205928321397 [ 1.93621628 -1.88815038  0.        ]
1 1.8171205928321397 [ 1.95915659 -1.88609434  0.        ]
1 1.8171205928321397 [ 1.98205645 -1.88376661  0.        ]
1 1.8171205928321397 [ 2.00491264 -1.88116807  0.        ]
1 1.8171205928321397 [ 2.02772197 -1.87829964  0.        ]
1 1.8171205928321397 [ 2.05048129 -1.87516229  0.        ]
1 1.8171205928321397 [ 2.07318744 -1.87175702  0.        ]
1 1.8171205928321397 [ 2.09583729 -1.86808486  0.        ]
1 1.8171205928321397 [ 2.11842775 -1.86414688  0.        ]
1 1.8171205928321397 [ 2.14095573 -1.85994418  0.        ]
1 1.8171205928321397 [ 2.16341816 -1.8554779   0.        ]
1 1.8171205928321397 [ 2.18581202 -1.85074921  0.        ]
1 1.8171205928321397 [ 2.20813428 -1.84575932  0.        ]
1 1.8171205928321397 [ 2.23038195 -1.84050946  0.        ]
1 1.8171205928321397 [ 2.25255207 -1.83500091  0.        ]
1 1.8171205928321397 [ 2.27464168 -1.82923495  0.        ]
1 1.8171205928321397 [ 2.29664786 -1.82321294  0.        ]
1 1.8171205928321397 [ 2.31856771 -1.81693622  0.        ]
1 1.8171205928321397 [ 2.34039837 -1.8104062   0.        ]
1 1.8171205928321397 [ 2.36213697 -1.8036243   0.        ]
1 1.8171205928321397 [ 2.38378071 -1.79659197  0.        ]
1 1.8171205928321397 [ 2.40532676 -1.7893107   0.        ]
1 1.8171205928321397 [ 2.42677237 -1.78178199  0.        ]
1 1.8171205928321397 [ 2.44811478 -1.77400739  0.        ]
1 1.8171205928321397 [ 2.46935127 -1.76598846  0.        ]
1 1.8171205928321397 [ 2.49047914 -1.75772681  0.        ]
1 1.8171205928321397 [ 2.51149572 -1.74922404  0.        ]
1 1.8171205928321397 [ 2.53239836 -1.74048181  0.        ]
1 1.8171205928321397 [ 2.55318445 -1.7315018   0.        ]
1 1.8171205928321397 [ 2.57385139 -1.7222857   0.        ]
1 1.8171205928321397 [ 2.59439662 -1.71283524  0.        ]
1 1.8171205928321397 [ 2.61481759 -1.70315216  0.        ]
1 1.8171205928321397 [ 2.63511181 -1.69323825  0.        ]
1 1.8171205928321397 [ 2.65527677 -1.68309529  0.        ]
1 1.8171205928321397 [ 2.67531003 -1.67272512  0.        ]
1 1.8171205928321397 [ 2.69520916 -1.66212956  0.        ]
1 1.8171205928321397 [ 2.71497175 -1.6513105   0.        ]
1 1.8171205928321397 [ 2.73459544 -1.64026981  0.        ]
1 1.8171205928321397 [ 2.75407786 -1.62900941  0.        ]
1 1.8171205928321397 [ 2.77341671 -1.61753122  0.        ]
1 1.8171205928321397 [ 2.79260969 -1.60583721  0.        ]
1 1.8171205928321397 [ 2.81165454 -1.59392933  0.        ]
1 1.8171205928321397 [ 2.83054903 -1.58180959  0.        ]
1 1.8171205928321397 [ 2.84929095 -1.56948     0.        ]
1 1.8171205928321397 [ 2.86787812 -1.55694258  0.        ]
1 1.8171205928321397 [ 2.8863084  -1.54419938  0.        ]
1 1.8171205928321397 [ 2.90457965 -1.53125248  0.        ]
1 1.8171205928321397 [ 2.92268979 -1.51810395  0.        ]
1 1.8171205928321397 [ 2.94063676 -1.50475591  0.        ]
1 1.8171205928321397 [ 2.95841852 -1.49121047  0.        ]
1 1.8171205928321397 [ 2.97603305 -1.47746977  0.        ]
1 1.8171205928321397 [ 2.9934784  -1.46353596  0.        ]
1 1.8171205928321397 [ 3.01075259 -1.44941121  0.        ]
1 1.8171205928321397 [ 3.02785372 -1.4350977   0.        ]
1 1.8171205928321397 [ 3.04477988 -1.42059765  0.        ]
1 1.8171205928321397 [ 3.06152922 -1.40591325  0.        ]
1 1.8171205928321397 [ 3.07809991 -1.39104674  0.        ]
1 1.8171205928321397 [ 3.09449013 -1.37600037  0.        ]
1 1.8171205928321397 [ 3.1106981  -1.36077639  0.        ]
1 1.8171205928321397 [ 3.12672209 -1.34537707  0.        ]
1 1.8171205928321397 [ 3.14256036 -1.32980469  0.        ]
1 1.8171205928321397 [ 3.15821123 -1.31406155  0.        ]
1 1.8171205928321397 [ 3.17367304 -1.29814997  0.        ]
1 1.8171205928321397 [ 3.18894415 -1.28207225  0.        ]
1 1.8171205928321397 [ 3.20402296 -1.26583074  0.        ]
1 1.8171205928321397 [ 3.21890788 -1.24942777  0.        ]
1 1.8171205928321397 [ 3.23359738 -1.2328657   0.        ]
1 1.8171205928321397 [ 3.24808993 -1.21614689  0.        ]
1 1.8171205928321397 [ 3.26238404 -1.19927372  0.        ]
1 1.8171205928321397 [ 3.27647825 -1.18224858  0.        ]
1 1.8171205928321397 [ 3.29037113 -1.16507386  0.        ]
1 1.8171205928321397 [ 3.30406127 -1.14775196  0.        ]
1 1.8171205928321397 [ 3.31754729 -1.13028529  0.        ]
1 1.8171205928321397 [ 3.33082785 -1.11267628  0.        ]
1 1.8171205928321397 [ 3.34390162 -1.09492736  0.        ]
1 1.8171205928321397 [ 3.35676731 -1.07704097  0.        ]
1 1.8171205928321397 [ 3.36942367 -1.05901955  0.        ]
1 1.8171205928321397 [ 3.38186945 -1.04086555  0.        ]
1 1.8171205928321397 [ 3.39410344 -1.02258144  0.        ]
1 1.8171205928321397 [ 3.40612447 -1.00416968  0.        ]
1 1.8171205928321397 [ 3.41793139 -0.98563275  0.        ]
1 1.8171205928321397 [ 3.42952307 -0.96697312  0.        ]
1 1.8171205928321397 [ 3.44089841 -0.94819329  0.        ]
1 1.8171205928321397 [ 3.45205635 -0.92929575  0.        ]
1 1.8171205928321397 [ 3.46299585 -0.91028299  0.        ]
1 1.8171205928321397 [ 3.4737159  -0.89115751  0.        ]
1 1.8171205928321397 [ 3.4842155  -0.87192183  0.        ]
1 1.8171205928321397 [ 3.49449371 -0.85257845  0.        ]
1 1.8171205928321397 [ 3.50454958 -0.8331299   0.        ]
1 1.8171205928321397 [ 3.51438223 -0.81357869  0.        ]
1 1.8171205928321397 [ 3.52399077 -0.79392735  0.        ]
1 1.8171205928321397 [ 3.53337435 -0.77417841  0.        ]
1 1.8171205928321397 [ 3.54253216 -0.7543344   0.        ]
1 1.8171205928321397 [ 3.5514634  -0.73439785  0.        ]
1 1.8171205928321397 [ 3.56016729 -0.71437131  0.        ]
1 1.8171205928321397 [ 3.56864311 -0.6942573   0.        ]
1 1.8171205928321397 [ 3.57689014 -0.67405839  0.        ]
1 1.8171205928321397 [ 3.58490768 -0.6537771   0.        ]
1 1.8171205928321397 [ 3.59269508 -0.633416    0.        ]
1 1.8171205928321397 [ 3.60025171 -0.61297762  0.        ]
1 1.8171205928321397 [ 3.60757696 -0.59246452  0.        ]
1 1.8171205928321397 [ 3.61467024 -0.57187925  0.        ]
1 1.8171205928321397 [ 3.621531   -0.55122436  0.        ]
1 1.8171205928321397 [ 3.62815871 -0.53050241  0.        ]
1 1.8171205928321397 [ 3.63455287 -0.50971595  0.        ]
1 1.8171205928321397 [ 3.640713   -0.48886753  0.        ]
1 1.8171205928321397 [ 3.64663866 -0.46795972  0.        ]
1 1.8171205928321397 [ 3.65232941 -0.44699506  0.        ]
1 1.8171205928321397 [ 3.65778485 -0.42597611  0.        ]
1 1.8171205928321397 [ 3.66300462 -0.40490542  0.        ]
1 1.8171205928321397 [ 3.66798836 -0.38378555  0.        ]
1 1.8171205928321397 [ 3.67273575 -0.36261905  0.        ]
1 1.8171205928321397 [ 3.67724649 -0.34140847  0.        ]
1 1.8171205928321397 [ 3.68152032 -0.32015637  0.        ]
1 1.8171205928321397 [ 3.68555698 -0.29886528  0.        ]
1 1.8171205928321397 [ 3.68935624 -0.27753777  0.        ]
1 1.8171205928321397 [ 3.69291792 -0.25617637  0.        ]
1 1.8171205928321397 [ 3.69624185 -0.23478363  0.        ]
1 1.8171205928321397 [ 3.69932786 -0.21336209  0.        ]
1 1.8171205928321397 [ 3.70217585 -0.19191429  0.        ]
1 1.8171205928321397 [ 3.7047857  -0.17044277  0.        ]
1 1.8171205928321397 [ 3.70715736 -0.14895006  0.        ]
1 1.8171205928321397 [ 3.70929077 -0.12743869  0.        ]
1 1.8171205928321397 [ 3.7111859  -0.10591119  0.        ]
1 1.8171205928321397 [ 3.71284275 -0.08437008  0.        ]
1 1.8171205928321397 [ 3.71426135 -0.0628179   0.        ]
1 1.8171205928321397 [ 3.71544174 -0.04125714  0.        ]
1 1.8171205928321397 [ 3.716384   -0.01969034  0.        ]
1 1.8171205928321397 [3.71708821e+00 1.88000306e-03 0.00000000e+00]
1 1.8171205928321397 [3.71755451 0.02345138 0.        ]
1 1.8171205928321397 [3.71778303 0.04502129 0.        ]
1 1.8171205928321397 [3.71777394 0.06658723 0.        ]
1 1.8171205928321397 [3.71752742 0.08814672 0.        ]
1 1.8171205928321397 [3.7170437  0.10969726 0.        ]
1 1.8171205928321397 [3.716323   0.13123636 0.        ]
1 1.8171205928321397 [3.71536559 0.15276156 0.        ]
1 1.8171205928321397 [3.71417175 0.17427037 0.        ]
1 1.8171205928321397 [3.71274178 0.19576033 0.        ]
1 1.8171205928321397 [3.71107603 0.21722898 0.        ]
1 1.8171205928321397 [3.70917482 0.23867386 0.        ]
1 1.8171205928321397 [3.70703855 0.26009252 0.        ]
1 1.8171205928321397 [3.70466761 0.28148251 0.        ]
1 1.8171205928321397 [3.70206242 0.30284139 0.        ]
1 1.8171205928321397 [3.69922342 0.32416673 0.        ]
1 1.8171205928321397 [3.69615108 0.34545611 0.        ]
1 1.8171205928321397 [3.69284588 0.3667071  0.        ]
1 1.8171205928321397 [3.68930833 0.3879173  0.        ]
1 1.8171205928321397 [3.68553897 0.40908428 0.        ]
1 1.8171205928321397 [3.68153835 0.43020567 0.        ]
1 1.8171205928321397 [3.67730705 0.45127905 0.        ]
1 1.8171205928321397 [3.67284566 0.47230206 0.        ]
1 1.8171205928321397 [3.66815481 0.4932723  0.        ]
1 1.8171205928321397 [3.66323513 0.51418741 0.        ]
1 1.8171205928321397 [3.65808729 0.53504503 0.        ]
1 1.8171205928321397 [3.65271198 0.5558428  0.        ]
1 1.8171205928321397 [3.6471099  0.57657838 0.        ]
1 1.8171205928321397 [3.64128178 0.59724942 0.        ]
1 1.8171205928321397 [3.63522837 0.6178536  0.        ]
1 1.8171205928321397 [3.62895044 0.63838859 0.        ]
1 1.8171205928321397 [3.62244878 0.65885209 0.        ]
1 1.8171205928321397 [3.61572421 0.67924178 0.        ]
1 1.8171205928321397 [3.60877756 0.69955536 0.        ]
1 1.8171205928321397 [3.60160969 0.71979056 0.        ]
1 1.8171205928321397 [3.59422147 0.7399451  0.        ]
1 1.8171205928321397 [3.5866138 0.7600167 0.       ]
1 1.8171205928321397 [3.5787876 0.7800031 0.       ]
1 1.8171205928321397 [3.5707438  0.79990206 0.        ]
1 1.8171205928321397 [3.56248338 0.81971133 0.        ]
1 1.8171205928321397 [3.5540073  0.83942868 0.        ]
1 1.8171205928321397 [3.54531656 0.8590519  0.        ]
1 1.8171205928321397 [3.5364122  0.87857877 0.        ]
1 1.8171205928321397 [3.52729524 0.89800708 0.        ]
1 1.8171205928321397 [3.51796676 0.91733466 0.        ]
1 1.8171205928321397 [3.50842782 0.93655932 0.        ]
1 1.8171205928321397 [3.49867954 0.95567889 0.        ]
1 1.8171205928321397 [3.48872304 0.9746912  0.        ]
1 1.8171205928321397 [3.47855946 0.99359413 0.        ]
1 1.8171205928321397 [3.46818995 1.01238551 0.        ]
1 1.8171205928321397 [3.45761571 1.03106324 0.        ]
1 1.8171205928321397 [3.44683792 1.04962519 0.        ]
1 1.8171205928321397 [3.43585783 1.06806926 0.        ]
1 1.8171205928321397 [3.42467665 1.08639336 0.        ]
1 1.8171205928321397 [3.41329566 1.10459541 0.        ]
1 1.8171205928321397 [3.40171613 1.12267334 0.        ]
1 1.8171205928321397 [3.38993936 1.1406251  0.        ]
1 1.8171205928321397 [3.37796667 1.15844864 0.        ]
1 1.8171205928321397 [3.3657994  1.17614192 0.        ]
1 1.8171205928321397 [3.3534389  1.19370293 0.        ]
1 1.8171205928321397 [3.34088654 1.21112966 0.        ]
1 1.8171205928321397 [3.32814373 1.22842012 0.        ]
1 1.8171205928321397 [3.31521188 1.24557231 0.        ]
1 1.8171205928321397 [3.30209242 1.26258429 0.        ]
1 1.8171205928321397 [3.28878679 1.27945408 0.        ]
1 1.8171205928321397 [3.27529647 1.29617975 0.        ]
1 1.8171205928321397 [3.26162295 1.31275936 0.        ]
1 1.8171205928321397 [3.24776774 1.329191   0.        ]
1 1.8171205928321397 [3.23373235 1.34547277 0.        ]
1 1.8171205928321397 [3.21951833 1.36160278 0.        ]
1 1.8171205928321397 [3.20512725 1.37757915 0.        ]
1 1.8171205928321397 [3.19056069 1.39340003 0.        ]
1 1.8171205928321397 [3.17582023 1.40906356 0.        ]
1 1.8171205928321397 [3.16090751 1.42456792 0.        ]
1 1.8171205928321397 [3.14582414 1.43991129 0.        ]
1 1.8171205928321397 [3.13057179 1.45509186 0.        ]
1 1.8171205928321397 [3.11515213 1.47010784 0.        ]
1 1.8171205928321397 [3.09956684 1.48495748 0.        ]
1 1.8171205928321397 [3.08381762 1.49963899 0.        ]
1 1.8171205928321397 [3.06790621 1.51415065 0.        ]
1 1.8171205928321397 [3.05183434 1.52849073 0.        ]
1 1.8171205928321397 [3.03560377 1.54265751 0.        ]
1 1.8171205928321397 [3.01921627 1.5566493  0.        ]
1 1.8171205928321397 [3.00267363 1.57046442 0.        ]
1 1.8171205928321397 [2.98597767 1.5841012  0.        ]
1 1.8171205928321397 [2.96913022 1.597558   0.        ]
1 1.8171205928321397 [2.95213311 1.61083318 0.        ]
1 1.8171205928321397 [2.9349882  1.62392513 0.        ]
1 1.8171205928321397 [2.91769737 1.63683226 0.        ]
1 1.8171205928321397 [2.90026252 1.64955298 0.        ]
1 1.8171205928321397 [2.88268556 1.66208572 0.        ]
1 1.8171205928321397 [2.86496841 1.67442894 0.        ]
1 1.8171205928321397 [2.84711301 1.68658112 0.        ]
1 1.8171205928321397 [2.82912133 1.69854073 0.        ]
1 1.8171205928321397 [2.81099534 1.71030628 0.        ]
1 1.8171205928321397 [2.79273703 1.7218763  0.        ]
1 1.8171205928321397 [2.77434841 1.73324932 0.        ]
1 1.8171205928321397 [2.7558315  1.74442392 0.        ]
1 1.8171205928321397 [2.73718834 1.75539865 0.        ]
1 1.8171205928321397 [2.71842099 1.76617213 0.        ]
1 1.8171205928321397 [2.69953151 1.77674296 0.        ]
1 1.8171205928321397 [2.680522   1.78710978 0.        ]
1 1.8171205928321397 [2.66139455 1.79727124 0.        ]
1 1.8171205928321397 [2.64215128 1.80722601 0.        ]
1 1.8171205928321397 [2.62279432 1.81697279 0.        ]
1 1.8171205928321397 [2.60332581 1.82651028 0.        ]
1 1.8171205928321397 [2.58374793 1.83583722 0.        ]
1 1.8171205928321397 [2.56406283 1.84495235 0.        ]
1 1.8171205928321397 [2.54427272 1.85385445 0.        ]
1 1.8171205928321397 [2.5243798 1.8625423 0.       ]
1 1.8171205928321397 [2.50438628 1.87101473 0.        ]
1 1.8171205928321397 [2.48429441 1.87927055 0.        ]
1 1.8171205928321397 [2.46410642 1.88730862 0.        ]
1 1.8171205928321397 [2.44382459 1.89512782 0.        ]
1 1.8171205928321397 [2.42345117 1.90272703 0.        ]
1 1.8171205928321397 [2.40298847 1.91010518 0.        ]
1 1.8171205928321397 [2.38243879 1.91726121 0.        ]
1 1.8171205928321397 [2.36180443 1.92419406 0.        ]
1 1.8171205928321397 [2.34108774 1.93090272 0.        ]
1 1.8171205928321397 [2.32029104 1.93738619 0.        ]
1 1.8171205928321397 [2.2994167  1.94364351 0.        ]
1 1.8171205928321397 [2.27846709 1.94967371 0.        ]
1 1.8171205928321397 [2.25744457 1.95547586 0.        ]
1 1.8171205928321397 [2.23635156 1.96104906 0.        ]
1 1.8171205928321397 [2.21519044 1.96639242 0.        ]
1 1.8171205928321397 [2.19396364 1.97150509 0.        ]
1 1.8171205928321397 [2.17267358 1.97638622 0.        ]
1 1.8171205928321397 [2.15132271 1.98103499 0.        ]
1 1.8171205928321397 [2.12991348 1.98545063 0.        ]
1 1.8171205928321397 [2.10844835 1.98963235 0.        ]
1 1.8171205928321397 [2.0869298  1.99357942 0.        ]
1 1.8171205928321397 [2.0653603  1.99729111 0.        ]
1 1.8171205928321397 [2.04374237 2.00076674 0.        ]
1 1.8171205928321397 [2.0220785  2.00400564 0.        ]
1 1.8171205928321397 [2.00037121 2.00700714 0.        ]
1 1.8171205928321397 [1.97862303 2.00977065 0.        ]
1 1.8171205928321397 [1.9568365  2.01229556 0.        ]
1 1.8171205928321397 [1.93501417 2.0145813  0.        ]
1 1.8171205928321397 [1.91315859 2.01662732 0.        ]
1 1.8171205928321397 [1.89127233 2.01843312 0.        ]
1 1.8171205928321397 [1.86935796 2.01999818 0.        ]
1 1.8171205928321397 [1.84741808 2.02132206 0.        ]
1 1.8171205928321397 [1.82545527 2.0224043  0.        ]
1 1.8171205928321397 [1.80347214 2.0232445  0.        ]
1 1.8171205928321397 [1.78147129 2.02384226 0.        ]
1 1.8171205928321397 [1.75945535 2.02419722 0.        ]
1 1.8171205928321397 [1.73742695 2.02430906 0.        ]
1 1.8171205928321397 [1.71538871 2.02417745 0.        ]
1 1.8171205928321397 [1.69334327 2.02380213 0.        ]
1 1.8171205928321397 [1.6712933  2.02318283 0.        ]
1 1.8171205928321397 [1.64924143 2.02231934 0.        ]
1 1.8171205928321397 [1.62719034 2.02121146 0.        ]
1 1.8171205928321397 [1.60514269 2.01985901 0.        ]
1 1.8171205928321397 [1.58310116 2.01826186 0.        ]
1 1.8171205928321397 [1.56106843 2.01641989 0.        ]
1 1.8171205928321397 [1.53904718 2.01433302 0.        ]
1 1.8171205928321397 [1.5170401  2.01200119 0.        ]
1 1.8171205928321397 [1.49504989 2.00942438 0.        ]
1 1.8171205928321397 [1.47307926 2.00660259 0.        ]
1 1.8171205928321397 [1.4511309  2.00353584 0.        ]
1 1.8171205928321397 [1.42920752 2.0002242  0.        ]
1 1.8171205928321397 [1.40731184 1.99666775 0.        ]
1 1.8171205928321397 [1.38544658 1.99286662 0.        ]
1 1.8171205928321397 [1.36361446 1.98882096 0.        ]
1 1.8171205928321397 [1.34181819 1.98453093 0.        ]
1 1.8171205928321397 [1.3200605  1.97999676 0.        ]
1 1.8171205928321397 [1.29834413 1.97521867 0.        ]
1 1.8171205928321397 [1.2766718  1.97019694 0.        ]
1 1.8171205928321397 [1.25504624 1.96493187 0.        ]
1 1.8171205928321397 [1.23347018 1.95942377 0.        ]
1 1.8171205928321397 [1.21194637 1.95367303 0.        ]
1 1.8171205928321397 [1.19047752 1.94768001 0.        ]
1 1.8171205928321397 [1.16906639 1.94144515 0.        ]
1 1.8171205928321397 [1.14771569 1.9349689  0.        ]
1 1.8171205928321397 [1.12642818 1.92825174 0.        ]
1 1.8171205928321397 [1.10520657 1.92129419 0.        ]
1 1.8171205928321397 [1.08405361 1.91409679 0.        ]
1 1.8171205928321397 [1.06297202 1.90666011 0.        ]
1 1.8171205928321397 [1.04196454 1.89898477 0.        ]
1 1.8171205928321397 [1.02103388 1.89107142 0.        ]
1 1.8171205928321397 [1.00018278 1.88292071 0.        ]
1 1.8171205928321397 [0.97941396 1.87453335 0.        ]
1 1.8171205928321397 [0.95873013 1.86591008 0.        ]
1 1.8171205928321397 [0.93813401 1.85705167 0.        ]
1 1.8171205928321397 [0.91762832 1.84795892 0.        ]
1 1.8171205928321397 [0.89721574 1.83863265 0.        ]
1 1.8171205928321397 [0.876899   1.82907374 0.        ]
1 1.8171205928321397 [0.85668078 1.81928307 0.        ]
1 1.8171205928321397 [0.83656378 1.80926157 0.        ]
1 1.8171205928321397 [0.81655067 1.79901022 0.        ]
1 1.8171205928321397 [0.79664414 1.78852999 0.        ]
1 1.8171205928321397 [0.77684686 1.77782191 0.        ]
1 1.8171205928321397 [0.75716149 1.76688705 0.        ]
1 1.8171205928321397 [0.73759069 1.75572649 0.        ]
1 1.8171205928321397 [0.7181371  1.74434135 0.        ]
1 1.8171205928321397 [0.69880337 1.73273279 0.        ]
1 1.8171205928321397 [0.67959212 1.720902   0.        ]
1 1.8171205928321397 [0.66050598 1.70885019 0.        ]
1 1.8171205928321397 [0.64154756 1.69657862 0.        ]
1 1.8171205928321397 [0.62271945 1.68408858 0.        ]
1 1.8171205928321397 [0.60402426 1.67138137 0.        ]
1 1.8171205928321397 [0.58546455 1.65845836 0.        ]
1 1.8171205928321397 [0.5670429  1.64532092 0.        ]
1 1.8171205928321397 [0.54876186 1.63197046 0.        ]
1 1.8171205928321397 [0.53062397 1.61840844 0.        ]
1 1.8171205928321397 [0.51263177 1.60463634 0.        ]
1 1.8171205928321397 [0.49478776 1.59065566 0.        ]
1 1.8171205928321397 [0.47709446 1.57646794 0.        ]
1 1.8171205928321397 [0.45955435 1.56207477 0.        ]
1 1.8171205928321397 [0.44216991 1.54747776 0.        ]
1 1.8171205928321397 [0.42494359 1.53267853 0.        ]
1 1.8171205928321397 [0.40787784 1.51767877 0.        ]
1 1.8171205928321397 [0.39097508 1.50248018 0.        ]
1 1.8171205928321397 [0.37423773 1.48708448 0.        ]
1 1.8171205928321397 [0.35766817 1.47149346 0.        ]
1 1.8171205928321397 [0.34126878 1.4557089  0.        ]
1 1.8171205928321397 [0.32504193 1.43973264 0.        ]
1 1.8171205928321397 [0.30898994 1.42356653 0.        ]
1 1.8171205928321397 [0.29311514 1.40721247 0.        ]
1 1.8171205928321397 [0.27741983 1.39067238 0.        ]
1 1.8171205928321397 [0.2619063  1.37394821 0.        ]
1 1.8171205928321397 [0.24657679 1.35704195 0.        ]
1 1.8171205928321397 [0.23143355 1.33995561 0.        ]
1 1.8171205928321397 [0.2164788  1.32269123 0.        ]
1 1.8171205928321397 [0.20171474 1.30525088 0.        ]
1 1.8171205928321397 [0.18714354 1.28763668 0.        ]
1 1.8171205928321397 [0.17276735 1.26985076 0.        ]
1 1.8171205928321397 [0.15858831 1.25189527 0.        ]
1 1.8171205928321397 [0.1446085 1.2337724 0.       ]
1 1.8171205928321397 [0.13083003 1.21548439 0.        ]
1 1.8171205928321397 [0.11725494 1.19703348 0.        ]
1 1.8171205928321397 [0.10388527 1.17842194 0.        ]
1 1.8171205928321397 [0.09072301 1.15965208 0.        ]
1 1.8171205928321397 [0.07777016 1.14072624 0.        ]
1 1.8171205928321397 [0.06502867 1.12164677 0.        ]
1 1.8171205928321397 [0.05250046 1.10241607 0.        ]
1 1.8171205928321397 [0.04018743 1.08303655 0.        ]
1 1.8171205928321397 [0.02809146 1.06351065 0.        ]
1 1.8171205928321397 [0.01621438 1.04384084 0.        ]
1 1.8171205928321397 [0.00455803 1.02402961 0.        ]
1 1.8171205928321397 [-0.00687583  1.00407948  0.        ]
1 1.8171205928321397 [-0.01808543  0.98399301  0.        ]
1 1.8171205928321397 [-0.02906904  0.96377275  0.        ]
1 1.8171205928321397 [-0.03982496  0.94342131  0.        ]
1 1.8171205928321397 [-0.05035154  0.9229413   0.        ]
1 1.8171205928321397 [-0.06064713  0.90233537  0.        ]
1 1.8171205928321397 [-0.07071013  0.88160618  0.        ]
1 1.8171205928321397 [-0.08053897  0.86075643  0.        ]
1 1.8171205928321397 [-0.09013211  0.83978882  0.        ]
1 1.8171205928321397 [-0.09948805  0.81870609  0.        ]
1 1.8171205928321397 [-0.1086053  0.797511   0.       ]
1 1.8171205928321397 [-0.11748243  0.77620632  0.        ]
1 1.8171205928321397 [-0.12611803  0.75479486  0.        ]
1 1.8171205928321397 [-0.13451074  0.73327943  0.        ]
1 1.8171205928321397 [-0.1426592   0.71166288  0.        ]
1 1.8171205928321397 [-0.15056213  0.68994806  0.        ]
1 1.8171205928321397 [-0.15821824  0.66813785  0.        ]
1 1.8171205928321397 [-0.16562632  0.64623516  0.        ]
1 1.8171205928321397 [-0.17278517  0.62424289  0.        ]
1 1.8171205928321397 [-0.17969361  0.60216398  0.        ]
1 1.8171205928321397 [-0.18635055  0.58000139  0.        ]
1 1.8171205928321397 [-0.19275488  0.55775807  0.        ]
1 1.8171205928321397 [-0.19890555  0.53543702  0.        ]
1 1.8171205928321397 [-0.20480157  0.51304122  0.        ]
1 1.8171205928321397 [-0.21044195  0.49057371  0.        ]
1 1.8171205928321397 [-0.21582576  0.46803751  0.        ]
1 1.8171205928321397 [-0.2209521   0.44543566  0.        ]
1 1.8171205928321397 [-0.22582012  0.42277122  0.        ]
1 1.8171205928321397 [-0.230429    0.40004726  0.        ]
1 1.8171205928321397 [-0.23477795  0.37726686  0.        ]
1 1.8171205928321397 [-0.23886624  0.35443312  0.        ]
1 1.8171205928321397 [-0.24269317  0.33154915  0.        ]
1 1.8171205928321397 [-0.24625807  0.30861807  0.        ]
1 1.8171205928321397 [-0.24956033  0.28564299  0.        ]
1 1.8171205928321397 [-0.25259936  0.26262707  0.        ]
1 1.8171205928321397 [-0.25537462  0.23957344  0.        ]
1 1.8171205928321397 [-0.25788563  0.21648526  0.        ]
1 1.8171205928321397 [-0.26013191  0.1933657   0.        ]
1 1.8171205928321397 [-0.26211305  0.17021792  0.        ]
1 1.8171205928321397 [-0.26382867  0.1470451   0.        ]
1 1.8171205928321397 [-0.26527845  0.12385043  0.        ]
1 1.8171205928321397 [-0.26646208  0.1006371   0.        ]
1 1.8171205928321397 [-0.26737931  0.07740829  0.        ]
1 1.8171205928321397 [-0.26802994  0.0541672   0.        ]
1 1.8171205928321397 [-0.2684138   0.03091705  0.        ]
1 1.8171205928321397 [-0.26853075  0.00766102  0.        ]
1 1.8171205928321397 [-0.26838072 -0.01559767  0.        ]
1 1.8171205928321397 [-0.26796366 -0.0388558   0.        ]
1 1.8171205928321397 [-0.26727958 -0.06211018  0.        ]
1 1.8171205928321397 [-0.2663285 -0.0853576  0.       ]
1 1.8171205928321397 [-0.26511052 -0.10859483  0.        ]
1 1.8171205928321397 [-0.26362577 -0.13181868  0.        ]
1 1.8171205928321397 [-0.2618744  -0.15502593  0.        ]
1 1.8171205928321397 [-0.25985663 -0.17821337  0.        ]
1 1.8171205928321397 [-0.25757272 -0.20137781  0.        ]
1 1.8171205928321397 [-0.25502295 -0.22451605  0.        ]
1 1.8171205928321397 [-0.25220766 -0.24762488  0.        ]
1 1.8171205928321397 [-0.24912724 -0.27070111  0.        ]
1 1.8171205928321397 [-0.24578209 -0.29374156  0.        ]
1 1.8171205928321397 [-0.24217269 -0.31674305  0.        ]
1 1.8171205928321397 [-0.23829953 -0.33970241  0.        ]
1 1.8171205928321397 [-0.23416316 -0.36261646  0.        ]
1 1.8171205928321397 [-0.22976417 -0.38548204  0.        ]
1 1.8171205928321397 [-0.22510319 -0.40829602  0.        ]
1 1.8171205928321397 [-0.22018089 -0.43105523  0.        ]
1 1.8171205928321397 [-0.21499797 -0.45375655  0.        ]
1 1.8171205928321397 [-0.2095552  -0.47639686  0.        ]
1 1.8171205928321397 [-0.20385336 -0.49897305  0.        ]
1 1.8171205928321397 [-0.19789328 -0.52148201  0.        ]
1 1.8171205928321397 [-0.19167584 -0.54392066  0.        ]
1 1.8171205928321397 [-0.18520196 -0.56628592  0.        ]
1 1.8171205928321397 [-0.17847259 -0.58857473  0.        ]
1 1.8171205928321397 [-0.17148872 -0.61078404  0.        ]
1 1.8171205928321397 [-0.16425138 -0.63291082  0.        ]
1 1.8171205928321397 [-0.15676166 -0.65495205  0.        ]
1 1.8171205928321397 [-0.14902067 -0.67690473  0.        ]
1 1.8171205928321397 [-0.14102954 -0.69876586  0.        ]
1 1.8171205928321397 [-0.13278948 -0.72053248  0.        ]
1 1.8171205928321397 [-0.12430172 -0.74220164  0.        ]
1 1.8171205928321397 [-0.11556751 -0.7637704   0.        ]
1 1.8171205928321397 [-0.10658817 -0.78523584  0.        ]
1 1.8171205928321397 [-0.09736503 -0.80659507  0.        ]
1 1.8171205928321397 [-0.08789948 -0.82784521  0.        ]
1 1.8171205928321397 [-0.07819293 -0.8489834   0.        ]
1 1.8171205928321397 [-0.06824682 -0.87000681  0.        ]
1 1.8171205928321397 [-0.05806266 -0.89091261  0.        ]
1 1.8171205928321397 [-0.04764196 -0.91169803  0.        ]
1 1.8171205928321397 [-0.03698628 -0.93236027  0.        ]
1 1.8171205928321397 [-0.02609721 -0.9528966   0.        ]
1 1.8171205928321397 [-0.01497639 -0.97330429  0.        ]
1 1.8171205928321397 [-0.00362548 -0.99358064  0.        ]
1 1.8171205928321397 [ 0.00795383 -1.01372297  0.        ]
1 1.8171205928321397 [ 0.01975981 -1.03372862  0.        ]
1 1.8171205928321397 [ 0.03179069 -1.05359497  0.        ]
1 1.8171205928321397 [ 0.04404469 -1.07331942  0.        ]
1 1.8171205928321397 [ 0.05651996 -1.09289939  0.        ]
1 1.8171205928321397 [ 0.06921465 -1.11233232  0.        ]
1 1.8171205928321397 [ 0.08212688 -1.13161571  0.        ]
1 1.8171205928321397 [ 0.09525472 -1.15074704  0.        ]
1 1.8171205928321397 [ 0.10859622 -1.16972386  0.        ]
1 1.8171205928321397 [ 0.1221494  -1.18854372  0.        ]
1 1.8171205928321397 [ 0.13591225 -1.20720421  0.        ]
1 1.8171205928321397 [ 0.14988273 -1.22570296  0.        ]
1 1.8171205928321397 [ 0.16405877 -1.2440376   0.        ]
1 1.8171205928321397 [ 0.17843827 -1.26220581  0.        ]
1 1.8171205928321397 [ 0.19301912 -1.28020531  0.        ]
1 1.8171205928321397 [ 0.20779916 -1.29803382  0.        ]
1 1.8171205928321397 [ 0.22277622 -1.31568912  0.        ]
1 1.8171205928321397 [ 0.23794809 -1.333169    0.        ]
1 1.8171205928321397 [ 0.25331255 -1.3504713   0.        ]
1 1.8171205928321397 [ 0.26886735 -1.36759388  0.        ]
1 1.8171205928321397 [ 0.2846102  -1.38453462  0.        ]
1 1.8171205928321397 [ 0.30053881 -1.40129146  0.        ]
1 1.8171205928321397 [ 0.31665086 -1.41786236  0.        ]
1 1.8171205928321397 [ 0.33294399 -1.4342453   0.        ]
1 1.8171205928321397 [ 0.34941584 -1.45043831  0.        ]
1 1.8171205928321397 [ 0.36606402 -1.46643946  0.        ]
1 1.8171205928321397 [ 0.38288612 -1.48224682  0.        ]
1 1.8171205928321397 [ 0.3998797  -1.49785852  0.        ]
1 1.8171205928321397 [ 0.41704231 -1.51327273  0.        ]
1 1.8171205928321397 [ 0.43437149 -1.52848763  0.        ]
1 1.8171205928321397 [ 0.45186473 -1.54350145  0.        ]
1 1.8171205928321397 [ 0.46951953 -1.55831246  0.        ]
1 1.8171205928321397 [ 0.48733337 -1.57291895  0.        ]
1 1.8171205928321397 [ 0.5053037  -1.58731925  0.        ]
1 1.8171205928321397 [ 0.52342796 -1.60151173  0.        ]
1 1.8171205928321397 [ 0.54170356 -1.6154948   0.        ]
1 1.8171205928321397 [ 0.56012793 -1.62926687  0.        ]
1 1.8171205928321397 [ 0.57869845 -1.64282644  0.        ]
1 1.8171205928321397 [ 0.59741249 -1.656172    0.        ]
1 1.8171205928321397 [ 0.61626743 -1.6693021   0.        ]
1 1.8171205928321397 [ 0.63526061 -1.68221532  0.        ]
1 1.8171205928321397 [ 0.65438937 -1.69491027  0.        ]
1 1.8171205928321397 [ 0.67365103 -1.7073856   0.        ]
1 1.8171205928321397 [ 0.6930429  -1.71964001  0.        ]
1 1.8171205928321397 [ 0.7125623 -1.7316722  0.       ]
1 1.8171205928321397 [ 0.7322065  -1.74348095  0.        ]
1 1.8171205928321397 [ 0.75197279 -1.75506504  0.        ]
1 1.8171205928321397 [ 0.77185845 -1.76642331  0.        ]
1 1.8171205928321397 [ 0.79186072 -1.77755462  0.        ]
1 1.8171205928321397 [ 0.81197687 -1.78845788  0.        ]
1 1.8171205928321397 [ 0.83220415 -1.79913202  0.        ]
1 1.8171205928321397 [ 0.85253978 -1.80957602  0.        ]
1 1.8171205928321397 [ 0.872981   -1.81978888  0.        ]
1 1.8171205928321397 [ 0.89352504 -1.82976967  0.        ]
1 1.8171205928321397 [ 0.91416911 -1.83951745  0.        ]
1 1.8171205928321397 [ 0.93491042 -1.84903136  0.        ]
1 1.8171205928321397 [ 0.95574619 -1.85831054  0.        ]
1 1.8171205928321397 [ 0.97667362 -1.86735418  0.        ]
1 1.8171205928321397 [ 0.9976899  -1.87616151  0.        ]
1 1.8171205928321397 [ 1.01879224 -1.8847318   0.        ]
1 1.8171205928321397 [ 1.03997782 -1.89306434  0.        ]
1 1.8171205928321397 [ 1.06124385 -1.90115846  0.        ]
1 1.8171205928321397 [ 1.0825875  -1.90901354  0.        ]
1 1.8171205928321397 [ 1.10400597 -1.91662897  0.        ]
1 1.8171205928321397 [ 1.12549643 -1.9240042   0.        ]
1 1.8171205928321397 [ 1.14705609 -1.9311387   0.        ]
1 1.8171205928321397 [ 1.16868213 -1.93803198  0.        ]
1 1.8171205928321397 [ 1.19037172 -1.94468359  0.        ]
1 1.8171205928321397 [ 1.21212207 -1.95109309  0.        ]
1 1.8171205928321397 [ 1.23393035 -1.95726012  0.        ]
1 1.8171205928321397 [ 1.25579377 -1.96318431  0.        ]
1 1.8171205928321397 [ 1.27770951 -1.96886534  0.        ]
1 1.8171205928321397 [ 1.29967477 -1.97430294  0.        ]
1 1.8171205928321397 [ 1.32168675 -1.97949684  0.        ]
1 1.8171205928321397 [ 1.34374265 -1.98444685  0.        ]
1 1.8171205928321397 [ 1.36583968 -1.98915276  0.        ]
1 1.8171205928321397 [ 1.38797505 -1.99361443  0.        ]
1 1.8171205928321397 [ 1.41014597 -1.99783175  0.        ]
1 1.8171205928321397 [ 1.43234968 -2.00180464  0.        ]
1 1.8171205928321397 [ 1.45458339 -2.00553303  0.        ]
1 1.8171205928321397 [ 1.47684433 -2.00901691  0.        ]
1 1.8171205928321397 [ 1.49912976 -2.0122563   0.        ]
1 1.8171205928321397 [ 1.52143691 -2.01525124  0.        ]
1 1.8171205928321397 [ 1.54376304 -2.01800181  0.        ]
1 1.8171205928321397 [ 1.56610541 -2.02050811  0.        ]
1 1.8171205928321397 [ 1.58846129 -2.0227703   0.        ]
1 1.8171205928321397 [ 1.61082795 -2.02478853  0.        ]
1 1.8171205928321397 [ 1.63320269 -2.02656302  0.        ]
1 1.8171205928321397 [ 1.6555828 -2.028094   0.       ]
1 1.8171205928321397 [ 1.67796558 -2.02938172  0.        ]
1 1.8171205928321397 [ 1.70034835 -2.03042649  0.        ]
1 1.8171205928321397 [ 1.72272844 -2.03122862  0.        ]
1 1.8171205928321397 [ 1.74510317 -2.03178848  0.        ]
1 1.8171205928321397 [ 1.76746989 -2.03210643  0.        ]
1 1.8171205928321397 [ 1.78982597 -2.03218291  0.        ]
1 1.8171205928321397 [ 1.81216876 -2.03201834  0.        ]
1 1.8171205928321397 [ 1.83449565 -2.03161319  0.        ]
1 1.8171205928321397 [ 1.85680404 -2.03096797  0.        ]
1 1.8171205928321397 [ 1.87909131 -2.0300832   0.        ]
1 1.8171205928321397 [ 1.9013549  -2.02895943  0.        ]
1 1.8171205928321397 [ 1.92359222 -2.02759724  0.        ]
1 1.8171205928321397 [ 1.94580073 -2.02599724  0.        ]
1 1.8171205928321397 [ 1.96797787 -2.02416007  0.        ]
1 1.8171205928321397 [ 1.99012112 -2.02208639  0.        ]
1 1.8171205928321397 [ 2.01222796 -2.01977688  0.        ]
1 1.8171205928321397 [ 2.03429588 -2.01723227  0.        ]
1 1.8171205928321397 [ 2.0563224  -2.01445328  0.        ]
1 1.8171205928321397 [ 2.07830505 -2.01144069  0.        ]
1 1.8171205928321397 [ 2.10024135 -2.00819529  0.        ]
1 1.8171205928321397 [ 2.12212888 -2.00471789  0.        ]
1 1.8171205928321397 [ 2.14396519 -2.00100933  0.        ]
1 1.8171205928321397 [ 2.16574788 -1.99707048  0.        ]
1 1.8171205928321397 [ 2.18747455 -1.99290222  0.        ]
1 1.8171205928321397 [ 2.20914281 -1.98850547  0.        ]
1 1.8171205928321397 [ 2.23075031 -1.98388117  0.        ]
1 1.8171205928321397 [ 2.25229468 -1.97903027  0.        ]
1 1.8171205928321397 [ 2.2737736  -1.97395375  0.        ]
1 1.8171205928321397 [ 2.29518475 -1.96865262  0.        ]
1 1.8171205928321397 [ 2.31652582 -1.96312791  0.        ]
1 1.8171205928321397 [ 2.33779455 -1.95738066  0.        ]
1 1.8171205928321397 [ 2.35898865 -1.95141195  0.        ]
1 1.8171205928321397 [ 2.38010589 -1.94522287  0.        ]
1 1.8171205928321397 [ 2.40114403 -1.93881453  0.        ]
1 1.8171205928321397 [ 2.42210085 -1.93218806  0.        ]
1 1.8171205928321397 [ 2.44297417 -1.92534461  0.        ]
1 1.8171205928321397 [ 2.46376179 -1.91828538  0.        ]
1 1.8171205928321397 [ 2.48446157 -1.91101153  0.        ]
1 1.8171205928321397 [ 2.50507137 -1.9035243   0.        ]
1 1.8171205928321397 [ 2.52558905 -1.89582492  0.        ]
1 1.8171205928321397 [ 2.54601251 -1.88791463  0.        ]
1 1.8171205928321397 [ 2.56633966 -1.87979471  0.        ]
1 1.8171205928321397 [ 2.58656845 -1.87146645  0.        ]
1 1.8171205928321397 [ 2.60669681 -1.86293115  0.        ]
1 1.8171205928321397 [ 2.62672272 -1.85419015  0.        ]
1 1.8171205928321397 [ 2.64664417 -1.84524479  0.        ]
1 1.8171205928321397 [ 2.66645916 -1.83609642  0.        ]
1 1.8171205928321397 [ 2.68616572 -1.82674642  0.        ]
1 1.8171205928321397 [ 2.7057619 -1.8171962  0.       ]
1 1.8171205928321397 [ 2.72524576 -1.80744716  0.        ]
1 1.8171205928321397 [ 2.74461538 -1.79750072  0.        ]
1 1.8171205928321397 [ 2.76386888 -1.78735834  0.        ]
1 1.8171205928321397 [ 2.78300436 -1.77702147  0.        ]
1 1.8171205928321397 [ 2.80201999 -1.76649158  0.        ]
1 1.8171205928321397 [ 2.82091391 -1.75577017  0.        ]
1 1.8171205928321397 [ 2.83968431 -1.74485873  0.        ]
1 1.8171205928321397 [ 2.8583294 -1.7337588  0.       ]
1 1.8171205928321397 [ 2.87684739 -1.7224719   0.        ]
1 1.8171205928321397 [ 2.89523652 -1.71099958  0.        ]
1 1.8171205928321397 [ 2.91349507 -1.69934339  0.        ]
1 1.8171205928321397 [ 2.93162131 -1.68750493  0.        ]
1 1.8171205928321397 [ 2.94961353 -1.67548576  0.        ]
1 1.8171205928321397 [ 2.96747007 -1.66328751  0.        ]
1 1.8171205928321397 [ 2.98518927 -1.65091177  0.        ]
1 1.8171205928321397 [ 3.00276948 -1.63836017  0.        ]
1 1.8171205928321397 [ 3.02020909 -1.62563436  0.        ]
1 1.8171205928321397 [ 3.0375065  -1.61273598  0.        ]
1 1.8171205928321397 [ 3.05466013 -1.59966669  0.        ]
1 1.8171205928321397 [ 3.07166843 -1.58642818  0.        ]
1 1.8171205928321397 [ 3.08852986 -1.57302211  0.        ]
1 1.8171205928321397 [ 3.10524289 -1.5594502   0.        ]
1 1.8171205928321397 [ 3.12180604 -1.54571415  0.        ]
1 1.8171205928321397 [ 3.13821782 -1.53181567  0.        ]
1 1.8171205928321397 [ 3.15447678 -1.51775649  0.        ]
1 1.8171205928321397 [ 3.17058149 -1.50353835  0.        ]
1 1.8171205928321397 [ 3.18653052 -1.489163    0.        ]
1 1.8171205928321397 [ 3.20232248 -1.47463219  0.        ]
1 1.8171205928321397 [ 3.217956   -1.45994769  0.        ]
1 1.8171205928321397 [ 3.23342972 -1.44511127  0.        ]
1 1.8171205928321397 [ 3.2487423  -1.43012473  0.        ]
1 1.8171205928321397 [ 3.26389243 -1.41498984  0.        ]
1 1.8171205928321397 [ 3.27887881 -1.39970843  0.        ]
1 1.8171205928321397 [ 3.29370017 -1.38428228  0.        ]
1 1.8171205928321397 [ 3.30835525 -1.36871323  0.        ]
1 1.8171205928321397 [ 3.32284282 -1.35300309  0.        ]
1 1.8171205928321397 [ 3.33716167 -1.33715371  0.        ]
1 1.8171205928321397 [ 3.3513106  -1.32116691  0.        ]
1 1.8171205928321397 [ 3.36528843 -1.30504455  0.        ]
1 1.8171205928321397 [ 3.37909402 -1.28878849  0.        ]
1 1.8171205928321397 [ 3.39272622 -1.27240058  0.        ]
1 1.8171205928321397 [ 3.40618392 -1.2558827   0.        ]
1 1.8171205928321397 [ 3.41946603 -1.23923671  0.        ]
1 1.8171205928321397 [ 3.43257147 -1.22246449  0.        ]
1 1.8171205928321397 [ 3.4454992  -1.20556795  0.        ]
1 1.8171205928321397 [ 3.45824816 -1.18854896  0.        ]
1 1.8171205928321397 [ 3.47081736 -1.17140942  0.        ]
1 1.8171205928321397 [ 3.48320578 -1.15415124  0.        ]
1 1.8171205928321397 [ 3.49541247 -1.13677633  0.        ]
1 1.8171205928321397 [ 3.50743646 -1.1192866   0.        ]
1 1.8171205928321397 [ 3.51927681 -1.10168396  0.        ]
1 1.8171205928321397 [ 3.53093261 -1.08397035  0.        ]
1 1.8171205928321397 [ 3.54240296 -1.06614768  0.        ]
1 1.8171205928321397 [ 3.55368699 -1.0482179   0.        ]
1 1.8171205928321397 [ 3.56478383 -1.03018293  0.        ]
1 1.8171205928321397 [ 3.57569265 -1.01204472  0.        ]
1 1.8171205928321397 [ 3.58641262 -0.99380521  0.        ]
1 1.8171205928321397 [ 3.59694295 -0.97546635  0.        ]
1 1.8171205928321397 [ 3.60728286 -0.95703009  0.        ]
1 1.8171205928321397 [ 3.61743159 -0.93849837  0.        ]
1 1.8171205928321397 [ 3.62738839 -0.91987317  0.        ]
1 1.8171205928321397 [ 3.63715253 -0.90115644  0.        ]
1 1.8171205928321397 [ 3.64672333 -0.88235014  0.        ]
1 1.8171205928321397 [ 3.65610008 -0.86345624  0.        ]
1 1.8171205928321397 [ 3.66528213 -0.8444767   0.        ]
1 1.8171205928321397 [ 3.67426882 -0.8254135   0.        ]
1 1.8171205928321397 [ 3.68305953 -0.80626861  0.        ]
1 1.8171205928321397 [ 3.69165365 -0.78704401  0.        ]
1 1.8171205928321397 [ 3.70005059 -0.76774166  0.        ]
1 1.8171205928321397 [ 3.70824977 -0.74836356  0.        ]
1 1.8171205928321397 [ 3.71625065 -0.72891167  0.        ]
1 1.8171205928321397 [ 3.72405268 -0.70938798  0.        ]
1 1.8171205928321397 [ 3.73165535 -0.68979447  0.        ]
1 1.8171205928321397 [ 3.73905817 -0.67013313  0.        ]
1 1.8171205928321397 [ 3.74626065 -0.65040593  0.        ]
1 1.8171205928321397 [ 3.75326233 -0.63061488  0.        ]
1 1.8171205928321397 [ 3.76006277 -0.61076194  0.        ]
1 1.8171205928321397 [ 3.76666154 -0.59084912  0.        ]
1 1.8171205928321397 [ 3.77305824 -0.57087838  0.        ]
1 1.8171205928321397 [ 3.77925248 -0.55085174  0.        ]
1 1.8171205928321397 [ 3.78524389 -0.53077116  0.        ]
1 1.8171205928321397 [ 3.79103212 -0.51063864  0.        ]
1 1.8171205928321397 [ 3.79661683 -0.49045617  0.        ]
1 1.8171205928321397 [ 3.8019977  -0.47022574  0.        ]
1 1.8171205928321397 [ 3.80717444 -0.44994933  0.        ]
1 1.8171205928321397 [ 3.81214677 -0.42962892  0.        ]
1 1.8171205928321397 [ 3.81691442 -0.40926651  0.        ]
1 1.8171205928321397 [ 3.82147715 -0.38886408  0.        ]
1 1.8171205928321397 [ 3.82583473 -0.36842362  0.        ]
1 1.8171205928321397 [ 3.82998695 -0.34794711  0.        ]
1 1.8171205928321397 [ 3.83393361 -0.32743653  0.        ]
1 1.8171205928321397 [ 3.83767454 -0.30689386  0.        ]
1 1.8171205928321397 [ 3.84120959 -0.28632109  0.        ]
1 1.8171205928321397 [ 3.84453861 -0.2657202   0.        ]
1 1.8171205928321397 [ 3.84766147 -0.24509315  0.        ]
1 1.8171205928321397 [ 3.85057808 -0.22444194  0.        ]
1 1.8171205928321397 [ 3.85328834 -0.20376853  0.        ]
1 1.8171205928321397 [ 3.85579218 -0.18307489  0.        ]
1 1.8171205928321397 [ 3.85808954 -0.162363    0.        ]
1 1.8171205928321397 [ 3.86018039 -0.14163482  0.        ]
1 1.8171205928321397 [ 3.8620647  -0.12089232  0.        ]
1 1.8171205928321397 [ 3.86374247 -0.10013747  0.        ]
1 1.8171205928321397 [ 3.86521371 -0.07937223  0.        ]
1 1.8171205928321397 [ 3.86647846 -0.05859855  0.        ]
1 1.8171205928321397 [ 3.86753675 -0.0378184   0.        ]
1 1.8171205928321397 [ 3.86838865 -0.01703372  0.        ]
1 1.8171205928321397 [3.86903423e+00 3.75352844e-03 0.00000000e+00]
1 1.8171205928321397 [3.8694736 0.0245414 0.       ]
1 1.8171205928321397 [3.86970686 0.04532794 0.        ]
1 1.8171205928321397 [3.86973414 0.06611122 0.        ]
1 1.8171205928321397 [3.86955558 0.0868893  0.        ]
1 1.8171205928321397 [3.86917135 0.10766023 0.        ]
1 1.8171205928321397 [3.86858163 0.12842209 0.        ]
1 1.8171205928321397 [3.8677866  0.14917294 0.        ]
1 1.8171205928321397 [3.86678647 0.16991087 0.        ]
1 1.8171205928321397 [3.86558147 0.19063394 0.        ]
1 1.8171205928321397 [3.86417184 0.21134024 0.        ]
1 1.8171205928321397 [3.86255784 0.23202785 0.        ]
1 1.8171205928321397 [3.86073974 0.25269487 0.        ]
1 1.8171205928321397 [3.85871782 0.27333938 0.        ]
1 1.8171205928321397 [3.8564924  0.29395949 0.        ]
1 1.8171205928321397 [3.85406379 0.31455329 0.        ]
1 1.8171205928321397 [3.85143233 0.33511889 0.        ]
1 1.8171205928321397 [3.84859837 0.3556544  0.        ]
1 1.8171205928321397 [3.84556228 0.37615794 0.        ]
1 1.8171205928321397 [3.84232443 0.39662762 0.        ]
1 1.8171205928321397 [3.83888523 0.41706157 0.        ]
1 1.8171205928321397 [3.83524509 0.43745791 0.        ]
1 1.8171205928321397 [3.83140444 0.45781478 0.        ]
1 1.8171205928321397 [3.82736373 0.47813031 0.        ]
1 1.8171205928321397 [3.8231234  0.49840266 0.        ]
1 1.8171205928321397 [3.81868394 0.51862996 0.        ]
1 1.8171205928321397 [3.81404584 0.53881037 0.        ]
1 1.8171205928321397 [3.8092096  0.55894205 0.        ]
1 1.8171205928321397 [3.80417574 0.57902316 0.        ]
1 1.8171205928321397 [3.7989448  0.59905186 0.        ]
1 1.8171205928321397 [3.79351732 0.61902635 0.        ]
1 1.8171205928321397 [3.78789387 0.63894479 0.        ]
1 1.8171205928321397 [3.78207503 0.65880537 0.        ]
1 1.8171205928321397 [3.7760614  0.67860627 0.        ]
1 1.8171205928321397 [3.76985358 0.69834571 0.        ]
1 1.8171205928321397 [3.76345219 0.71802188 0.        ]
1 1.8171205928321397 [3.75685789 0.73763299 0.        ]
1 1.8171205928321397 [3.75007131 0.75717725 0.        ]
1 1.8171205928321397 [3.74309313 0.77665289 0.        ]
1 1.8171205928321397 [3.73592403 0.79605814 0.        ]
1 1.8171205928321397 [3.72856471 0.81539122 0.        ]
1 1.8171205928321397 [3.72101588 0.83465037 0.        ]
1 1.8171205928321397 [3.71327826 0.85383385 0.        ]
1 1.8171205928321397 [3.70535259 0.87293991 0.        ]
1 1.8171205928321397 [3.69723964 0.8919668  0.        ]
1 1.8171205928321397 [3.68894016 0.9109128  0.        ]
1 1.8171205928321397 [3.68045494 0.92977617 0.        ]
1 1.8171205928321397 [3.67178478 0.94855519 0.        ]
1 1.8171205928321397 [3.66293049 0.96724816 0.        ]
1 1.8171205928321397 [3.6538929  0.98585337 0.        ]
1 1.8171205928321397 [3.64467284 1.00436911 0.        ]
1 1.8171205928321397 [3.63527118 1.0227937  0.        ]
1 1.8171205928321397 [3.62568876 1.04112545 0.        ]
1 1.8171205928321397 [3.61592649 1.05936268 0.        ]
1 1.8171205928321397 [3.60598525 1.07750373 0.        ]
1 1.8171205928321397 [3.59586595 1.09554694 0.        ]
1 1.8171205928321397 [3.58556952 1.11349064 0.        ]
1 1.8171205928321397 [3.57509689 1.13133319 0.        ]
1 1.8171205928321397 [3.56444901 1.14907296 0.        ]
1 1.8171205928321397 [3.55362685 1.16670831 0.        ]
1 1.8171205928321397 [3.54263139 1.18423763 0.        ]
1 1.8171205928321397 [3.53146362 1.20165928 0.        ]
1 1.8171205928321397 [3.52012453 1.21897168 0.        ]
1 1.8171205928321397 [3.50861516 1.23617321 0.        ]
1 1.8171205928321397 [3.49693654 1.2532623  0.        ]
1 1.8171205928321397 [3.4850897  1.27023735 0.        ]
1 1.8171205928321397 [3.47307571 1.2870968  0.        ]
1 1.8171205928321397 [3.46089564 1.30383907 0.        ]
1 1.8171205928321397 [3.44855057 1.32046262 0.        ]
1 1.8171205928321397 [3.43604161 1.3369659  0.        ]
1 1.8171205928321397 [3.42336987 1.35334736 0.        ]
1 1.8171205928321397 [3.41053647 1.36960549 0.        ]
1 1.8171205928321397 [3.39754254 1.38573875 0.        ]
1 1.8171205928321397 [3.38438925 1.40174564 0.        ]
1 1.8171205928321397 [3.37107776 1.41762465 0.        ]
1 1.8171205928321397 [3.35760924 1.4333743  0.        ]
1 1.8171205928321397 [3.34398489 1.44899309 0.        ]
1 1.8171205928321397 [3.3302059  1.46447956 0.        ]
1 1.8171205928321397 [3.31627349 1.47983224 0.        ]
1 1.8171205928321397 [3.3021889  1.49504967 0.        ]
1 1.8171205928321397 [3.28795337 1.51013041 0.        ]
1 1.8171205928321397 [3.27356814 1.52507303 0.        ]
1 1.8171205928321397 [3.25903449 1.53987609 0.        ]
1 1.8171205928321397 [3.24435369 1.55453819 0.        ]
1 1.8171205928321397 [3.22952705 1.56905792 0.        ]
1 1.8171205928321397 [3.21455586 1.58343388 0.        ]
1 1.8171205928321397 [3.19944144 1.59766469 0.        ]
1 1.8171205928321397 [3.18418512 1.61174898 0.        ]
1 1.8171205928321397 [3.16878825 1.62568538 0.        ]
1 1.8171205928321397 [3.15325217 1.63947254 0.        ]
1 1.8171205928321397 [3.13757826 1.65310911 0.        ]
1 1.8171205928321397 [3.1217679  1.66659377 0.        ]
1 1.8171205928321397 [3.10582247 1.67992519 0.        ]
1 1.8171205928321397 [3.08974339 1.69310207 0.        ]
1 1.8171205928321397 [3.07353206 1.7061231  0.        ]
1 1.8171205928321397 [3.05718991 1.718987   0.        ]
1 1.8171205928321397 [3.04071839 1.7316925  0.        ]
1 1.8171205928321397 [3.02411895 1.74423832 0.        ]
1 1.8171205928321397 [3.00739305 1.75662322 0.        ]
1 1.8171205928321397 [2.99054216 1.76884595 0.        ]
1 1.8171205928321397 [2.97356777 1.78090529 0.        ]
1 1.8171205928321397 [2.95647139 1.79280001 0.        ]
1 1.8171205928321397 [2.93925452 1.80452891 0.        ]
1 1.8171205928321397 [2.92191869 1.8160908  0.        ]
1 1.8171205928321397 [2.90446542 1.82748449 0.        ]
1 1.8171205928321397 [2.88689628 1.83870882 0.        ]
1 1.8171205928321397 [2.8692128  1.84976262 0.        ]
1 1.8171205928321397 [2.85141656 1.86064476 0.        ]
1 1.8171205928321397 [2.83350915 1.87135409 0.        ]
1 1.8171205928321397 [2.81549214 1.88188951 0.        ]
1 1.8171205928321397 [2.79736715 1.89224991 0.        ]
1 1.8171205928321397 [2.77913579 1.90243418 0.        ]
1 1.8171205928321397 [2.76079968 1.91244125 0.        ]
1 1.8171205928321397 [2.74236045 1.92227006 0.        ]
1 1.8171205928321397 [2.72381976 1.93191954 0.        ]
1 1.8171205928321397 [2.70517925 1.94138866 0.        ]
1 1.8171205928321397 [2.68644061 1.95067639 0.        ]
1 1.8171205928321397 [2.6676055  1.95978172 0.        ]
1 1.8171205928321397 [2.64867562 1.96870363 0.        ]
1 1.8171205928321397 [2.62965266 1.97744116 0.        ]
1 1.8171205928321397 [2.61053835 1.98599332 0.        ]
1 1.8171205928321397 [2.59133439 1.99435916 0.        ]
1 1.8171205928321397 [2.57204252 2.00253773 0.        ]
1 1.8171205928321397 [2.55266448 2.01052811 0.        ]
1 1.8171205928321397 [2.53320202 2.01832937 0.        ]
1 1.8171205928321397 [2.51365691 2.02594061 0.        ]
1 1.8171205928321397 [2.49403091 2.03336096 0.        ]
1 1.8171205928321397 [2.47432582 2.04058952 0.        ]
1 1.8171205928321397 [2.45454341 2.04762546 0.        ]
1 1.8171205928321397 [2.4346855  2.05446793 0.        ]
1 1.8171205928321397 [2.41475389 2.06111609 0.        ]
1 1.8171205928321397 [2.39475041 2.06756915 0.        ]
1 1.8171205928321397 [2.37467688 2.07382629 0.        ]
1 1.8171205928321397 [2.35453514 2.07988674 0.        ]
1 1.8171205928321397 [2.33432706 2.08574974 0.        ]
1 1.8171205928321397 [2.31405447 2.09141454 0.        ]
1 1.8171205928321397 [2.29371925 2.09688039 0.        ]
1 1.8171205928321397 [2.27332329 2.10214659 0.        ]
1 1.8171205928321397 [2.25286845 2.10721243 0.        ]
1 1.8171205928321397 [2.23235664 2.11207722 0.        ]
1 1.8171205928321397 [2.21178977 2.1167403  0.        ]
1 1.8171205928321397 [2.19116974 2.12120102 0.        ]
1 1.8171205928321397 [2.17049847 2.12545872 0.        ]
1 1.8171205928321397 [2.14977789 2.12951281 0.        ]
1 1.8171205928321397 [2.12900995 2.13336266 0.        ]
1 1.8171205928321397 [2.10819658 2.1370077  0.        ]
1 1.8171205928321397 [2.08733973 2.14044736 0.        ]
1 1.8171205928321397 [2.06644138 2.14368109 0.        ]
1 1.8171205928321397 [2.04550349 2.14670834 0.        ]
1 1.8171205928321397 [2.02452804 2.14952861 0.        ]
1 1.8171205928321397 [2.003517  2.1521414 0.       ]
1 1.8171205928321397 [1.98247239 2.15454621 0.        ]
1 1.8171205928321397 [1.96139618 2.15674259 0.        ]
1 1.8171205928321397 [1.9402904  2.15873009 0.        ]
1 1.8171205928321397 [1.91915705 2.16050828 0.        ]
1 1.8171205928321397 [1.89799815 2.16207676 0.        ]
1 1.8171205928321397 [1.87681574 2.16343513 0.        ]
1 1.8171205928321397 [1.85561185 2.16458301 0.        ]
1 1.8171205928321397 [1.83438851 2.16552005 0.        ]
1 1.8171205928321397 [1.81314778 2.16624592 0.        ]
1 1.8171205928321397 [1.79189171 2.16676029 0.        ]
1 1.8171205928321397 [1.77062236 2.16706287 0.        ]
1 1.8171205928321397 [1.7493418  2.16715338 0.        ]
1 1.8171205928321397 [1.7280521  2.16703156 0.        ]
1 1.8171205928321397 [1.70675533 2.16669717 0.        ]
1 1.8171205928321397 [1.68545357 2.16614997 0.        ]
1 1.8171205928321397 [1.66414893 2.16538978 0.        ]
1 1.8171205928321397 [1.64284348 2.16441641 0.        ]
1 1.8171205928321397 [1.62153933 2.16322969 0.        ]
1 1.8171205928321397 [1.60023859 2.16182948 0.        ]
1 1.8171205928321397 [1.57894335 2.16021566 0.        ]
1 1.8171205928321397 [1.55765574 2.15838813 0.        ]
1 1.8171205928321397 [1.53637787 2.15634679 0.        ]
1 1.8171205928321397 [1.51511186 2.15409159 0.        ]
1 1.8171205928321397 [1.49385983 2.15162249 0.        ]
1 1.8171205928321397 [1.47262393 2.14893946 0.        ]
1 1.8171205928321397 [1.45140627 2.1460425  0.        ]
1 1.8171205928321397 [1.430209   2.14293163 0.        ]
